N-24                                            
 Alfa =   3.26531 Re =   394721.813 Xflap,Yflap =     0.000000    0.000000
#    x        y        Cp  
   1.00000  0.01300  0.43441
   0.99243  0.01402  0.43292
   0.98091  0.01591  0.43071
   0.96911  0.01826  0.42841
   0.95691  0.02115  0.42619
   0.94416  0.02469  0.42417
   0.93062  0.02895  0.42272
   0.91602  0.03393  0.42263
   0.90008  0.03957  0.41493
   0.88274  0.04564  0.39764
   0.86431  0.05197  0.37002
   0.84525  0.05839  0.33297
   0.82604  0.06474  0.28946
   0.80697  0.07095  0.24248
   0.78811  0.07701  0.19426
   0.76941  0.08293  0.14543
   0.75080  0.08873  0.09725
   0.73222  0.09440  0.05010
   0.71365  0.09993  0.00411
   0.69509  0.10531 -0.03983
   0.67655  0.11052 -0.08225
   0.65806  0.11555 -0.12110
   0.63961  0.12040 -0.15882
   0.62118  0.12506 -0.19339
   0.60275  0.12955 -0.22535
   0.58428  0.13386 -0.25368
   0.56573  0.13800 -0.28353
   0.54709  0.14197 -0.33181
   0.52841  0.14577 -0.44767
   0.50977  0.14938 -0.59626
   0.49127  0.15279 -0.60718
   0.47303  0.15595 -0.61768
   0.45512  0.15884 -0.62945
   0.43753  0.16144 -0.64382
   0.42020  0.16372 -0.66117
   0.40305  0.16568 -0.68238
   0.38593  0.16732 -0.70595
   0.36873  0.16866 -0.72927
   0.35139  0.16970 -0.75116
   0.33389  0.17047 -0.77290
   0.31629  0.17096 -0.79844
   0.29873  0.17121 -0.82365
   0.28141  0.17120 -0.85588
   0.26449  0.17091 -0.89055
   0.24811  0.17029 -0.92292
   0.23230  0.16933 -0.95299
   0.21707  0.16800 -0.97701
   0.20239  0.16632 -0.98994
   0.18823  0.16426 -0.99423
   0.17454  0.16185 -0.98361
   0.16127  0.15909 -0.96561
   0.14835  0.15598 -0.93678
   0.13576  0.15252 -0.89421
   0.12351  0.14876 -0.85028
   0.11180  0.14478 -0.80271
   0.10083  0.14072 -0.76962
   0.09078  0.13669 -0.74640
   0.08169  0.13267 -0.72174
   0.07344  0.12859 -0.66296
   0.06585  0.12439 -0.56722
   0.05883  0.12010 -0.47397
   0.05235  0.11583 -0.36626
   0.04644  0.11166 -0.30125
   0.04111  0.10764 -0.22048
   0.03635  0.10376 -0.12558
   0.03211  0.10001 -0.06304
   0.02832  0.09634  0.03162
   0.02493  0.09272  0.14376
   0.02188  0.08913  0.25875
   0.01909  0.08558  0.36581
   0.01650  0.08208  0.47588
   0.01410  0.07869  0.54496
   0.01184  0.07544  0.62867
   0.00975  0.07237  0.67657
   0.00786  0.06946  0.72333
   0.00619  0.06671  0.79426
   0.00473  0.06410  0.82977
   0.00347  0.06160  0.87163
   0.00242  0.05919  0.93673
   0.00155  0.05685  0.95838
   0.00087  0.05458  0.98947
   0.00038  0.05235  0.99991
   0.00007  0.05015  0.99404
  -0.00006  0.04797  0.95680
   0.00002  0.04579  0.89844
   0.00029  0.04361  0.84614
   0.00076  0.04141  0.73615
   0.00143  0.03922  0.60036
   0.00229  0.03702  0.50467
   0.00335  0.03483  0.33354
   0.00461  0.03265  0.19405
   0.00608  0.03049  0.00136
   0.00779  0.02838 -0.16009
   0.00974  0.02634 -0.35723
   0.01196  0.02441 -0.49226
   0.01446  0.02265 -0.57384
   0.01726  0.02104 -0.57606
   0.02037  0.01954 -0.53817
   0.02377  0.01810 -0.49227
   0.02744  0.01662 -0.46226
   0.03135  0.01506 -0.45947
   0.03553  0.01347 -0.50696
   0.03996  0.01190 -0.57870
   0.04467  0.01041 -0.64363
   0.04970  0.00907 -0.68611
   0.05514  0.00794 -0.66487
   0.06110  0.00701 -0.60508
   0.06773  0.00619 -0.54869
   0.07515  0.00538 -0.50087
   0.08346  0.00443 -0.45981
   0.09262  0.00336 -0.43545
   0.10265  0.00236 -0.42923
   0.11368  0.00156 -0.41428
   0.12593  0.00097 -0.38704
   0.13967  0.00058 -0.35323
   0.15506  0.00033 -0.31949
   0.17195  0.00013 -0.28851
   0.18990  0.00002 -0.26259
   0.20853  0.00001 -0.24019
   0.22768  0.00009 -0.22035
   0.24730  0.00027 -0.20140
   0.26733  0.00051 -0.18610
   0.28768  0.00081 -0.17057
   0.30827  0.00113 -0.16524
   0.32902  0.00147 -0.15602
   0.34983  0.00181 -0.14868
   0.37067  0.00215 -0.14187
   0.39148  0.00247 -0.13540
   0.41225  0.00278 -0.13055
   0.43297  0.00307 -0.12662
   0.45366  0.00333 -0.12372
   0.47431  0.00356 -0.12315
   0.49497  0.00376 -0.12142
   0.51564  0.00392 -0.12268
   0.53638  0.00406 -0.12380
   0.55716  0.00418 -0.12651
   0.57799  0.00428 -0.12918
   0.59880  0.00439 -0.13183
   0.61952  0.00451 -0.13351
   0.64010  0.00461 -0.13438
   0.66049  0.00467 -0.13610
   0.68071  0.00467 -0.13807
   0.70080  0.00459 -0.14357
   0.72083  0.00442 -0.15244
   0.74087  0.00415 -0.16546
   0.76097  0.00381 -0.18137
   0.78118  0.00341 -0.20054
   0.80151  0.00297 -0.22417
   0.82196  0.00249 -0.25113
   0.84245  0.00201 -0.27743
   0.86279  0.00154 -0.29911
   0.88267  0.00112 -0.32241
   0.90179  0.00077 -0.37019
   0.91986  0.00052 -0.66465
   0.93672  0.00046 -0.88569
   0.95232  0.00064 -1.12722
   0.96672  0.00106 -1.46639
   0.98001  0.00168 -0.97796
   0.99230  0.00243 -4.77460
   1.00000  0.00300 -3.51433
