NACA 2422                                       
 Alfa =   2.40000 Re =  1052591.750 Xflap,Yflap =     0.000000    0.000000
#    x        y        Cp  
   1.00000  0.00231  0.30073
   0.99137  0.00509  0.28942
   0.97729  0.00956  0.26376
   0.96181  0.01437  0.22902
   0.94499  0.01950  0.18599
   0.92694  0.02487  0.13739
   0.90784  0.03042  0.08646
   0.88788  0.03606  0.03563
   0.86727  0.04174 -0.01350
   0.84618  0.04739 -0.06043
   0.82473  0.05297 -0.10509
   0.80303  0.05845 -0.14763
   0.78116  0.06380 -0.18857
   0.75918  0.06901 -0.22795
   0.73714  0.07406 -0.26616
   0.71508  0.07894 -0.30348
   0.69301  0.08364 -0.34010
   0.67097  0.08816 -0.37617
   0.64897  0.09249 -0.41180
   0.62705  0.09661 -0.44699
   0.60522  0.10053 -0.48193
   0.58349  0.10424 -0.51629
   0.56190  0.10772 -0.55025
   0.54046  0.11096 -0.58307
   0.51919  0.11397 -0.61434
   0.49813  0.11674 -0.64329
   0.47730  0.11925 -0.67314
   0.45673  0.12149 -0.73442
   0.43646  0.12347 -0.86238
   0.41654  0.12517 -0.88367
   0.39701  0.12659 -0.90670
   0.37792  0.12770 -0.93257
   0.35923  0.12848 -0.96132
   0.34092  0.12893 -0.99178
   0.32301  0.12908 -1.02242
   0.30550  0.12890 -1.05202
   0.28841  0.12842 -1.07986
   0.27176  0.12764 -1.10571
   0.25557  0.12656 -1.12906
   0.23988  0.12520 -1.14971
   0.22472  0.12357 -1.16764
   0.21012  0.12168 -1.18231
   0.19609  0.11957 -1.19403
   0.18267  0.11724 -1.20262
   0.16988  0.11472 -1.20778
   0.15772  0.11204 -1.20950
   0.14620  0.10922 -1.20791
   0.13533  0.10628 -1.20302
   0.12509  0.10326 -1.19486
   0.11546  0.10016 -1.18332
   0.10643  0.09700 -1.16888
   0.09797  0.09382 -1.15065
   0.09006  0.09060 -1.13004
   0.08267  0.08738 -1.10563
   0.07575  0.08416 -1.07859
   0.06930  0.08094 -1.04814
   0.06326  0.07773 -1.01472
   0.05763  0.07454 -0.97750
   0.05237  0.07136 -0.93711
   0.04746  0.06819 -0.89335
   0.04287  0.06505 -0.84568
   0.03859  0.06192 -0.79382
   0.03459  0.05880 -0.73810
   0.03086  0.05571 -0.67830
   0.02739  0.05262 -0.61280
   0.02417  0.04954 -0.54386
   0.02117  0.04648 -0.46978
   0.01840  0.04342 -0.39048
   0.01585  0.04038 -0.30574
   0.01350  0.03733 -0.21736
   0.01136  0.03430 -0.12401
   0.00941  0.03127 -0.02578
   0.00765  0.02825  0.07410
   0.00609  0.02523  0.17712
   0.00471  0.02223  0.28140
   0.00352  0.01924  0.38414
   0.00251  0.01627  0.48421
   0.00168  0.01331  0.58000
   0.00102  0.01039  0.66990
   0.00053  0.00749  0.75067
   0.00020  0.00463  0.82136
   0.00003  0.00181  0.88182
   0.00001 -0.00096  0.92939
   0.00013 -0.00375  0.96543
   0.00042 -0.00658  0.98936
   0.00087 -0.00942  0.99963
   0.00150 -0.01228  0.99559
   0.00231 -0.01514  0.97694
   0.00331 -0.01800  0.94464
   0.00451 -0.02085  0.89882
   0.00591 -0.02368  0.84231
   0.00750 -0.02649  0.77713
   0.00930 -0.02926  0.70479
   0.01130 -0.03199  0.62893
   0.01351 -0.03469  0.55070
   0.01592 -0.03734  0.47202
   0.01853 -0.03995  0.39483
   0.02136 -0.04252  0.32030
   0.02440 -0.04504  0.24867
   0.02766 -0.04752  0.18110
   0.03115 -0.04996  0.11771
   0.03488 -0.05236  0.05875
   0.03885 -0.05473  0.00410
   0.04309 -0.05705 -0.04643
   0.04761 -0.05934 -0.09221
   0.05243 -0.06159 -0.13439
   0.05756 -0.06381 -0.17254
   0.06305 -0.06600 -0.20744
   0.06891 -0.06815 -0.23783
   0.07517 -0.07026 -0.26588
   0.08188 -0.07233 -0.29015
   0.08907 -0.07435 -0.31129
   0.09679 -0.07633 -0.32983
   0.10507 -0.07825 -0.34505
   0.11399 -0.08011 -0.35738
   0.12357 -0.08189 -0.36769
   0.13389 -0.08358 -0.37451
   0.14498 -0.08516 -0.37910
   0.15689 -0.08662 -0.38123
   0.16967 -0.08794 -0.38049
   0.18334 -0.08910 -0.37781
   0.19792 -0.09007 -0.37249
   0.21341 -0.09084 -0.36536
   0.22979 -0.09139 -0.35628
   0.24705 -0.09171 -0.34558
   0.26512 -0.09178 -0.33348
   0.28398 -0.09161 -0.32045
   0.30355 -0.09119 -0.30657
   0.32376 -0.09053 -0.29233
   0.34456 -0.08964 -0.27806
   0.36585 -0.08853 -0.26413
   0.38753 -0.08722 -0.25110
   0.40949 -0.08572 -0.24019
   0.43166 -0.08401 -0.22772
   0.45406 -0.08209 -0.21417
   0.47670 -0.07997 -0.20014
   0.49957 -0.07766 -0.18592
   0.52267 -0.07517 -0.17190
   0.54599 -0.07251 -0.15838
   0.56950 -0.06971 -0.14563
   0.59319 -0.06675 -0.13388
   0.61704 -0.06367 -0.12363
   0.64102 -0.06046 -0.11329
   0.66512 -0.05714 -0.05949
   0.68929 -0.05372 -0.03495
   0.71352 -0.05020 -0.02179
   0.73776 -0.04659 -0.00926
   0.76197 -0.04292  0.00450
   0.78609 -0.03917  0.01948
   0.81005 -0.03538  0.03585
   0.83375 -0.03155  0.05359
   0.85704 -0.02771  0.07278
   0.87975 -0.02390  0.09381
   0.90165 -0.02015  0.11695
   0.92248 -0.01651  0.14259
   0.94199 -0.01304  0.17109
   0.95999 -0.00978  0.20331
   0.97635 -0.00676  0.23910
   0.99106 -0.00400  0.28198
   1.00000 -0.00231  0.30073
