NACA 2422                                       
 Alfa =   2.40000 Re =   912246.188 Xflap,Yflap =     0.000000    0.000000
#    x        y        Cp  
   1.00000  0.00231  0.29811
   0.99137  0.00509  0.28714
   0.97729  0.00956  0.26229
   0.96181  0.01437  0.22855
   0.94499  0.01950  0.18655
   0.92694  0.02487  0.13879
   0.90784  0.03042  0.08841
   0.88788  0.03606  0.03786
   0.86727  0.04174 -0.01117
   0.84618  0.04739 -0.05809
   0.82473  0.05297 -0.10277
   0.80303  0.05845 -0.14536
   0.78116  0.06380 -0.18632
   0.75918  0.06901 -0.22570
   0.73714  0.07406 -0.26388
   0.71508  0.07894 -0.30115
   0.69301  0.08364 -0.33769
   0.67097  0.08816 -0.37362
   0.64897  0.09249 -0.40906
   0.62705  0.09661 -0.44400
   0.60522  0.10053 -0.47857
   0.58349  0.10424 -0.51240
   0.56190  0.10772 -0.54557
   0.54046  0.11096 -0.57721
   0.51919  0.11397 -0.60686
   0.49813  0.11674 -0.63464
   0.47730  0.11925 -0.67243
   0.45673  0.12149 -0.78509
   0.43646  0.12347 -0.85988
   0.41654  0.12517 -0.88094
   0.39701  0.12659 -0.90361
   0.37792  0.12770 -0.92927
   0.35923  0.12848 -0.95803
   0.34092  0.12893 -0.98860
   0.32301  0.12908 -1.01940
   0.30550  0.12890 -1.04913
   0.28841  0.12842 -1.07708
   0.27176  0.12764 -1.10298
   0.25557  0.12656 -1.12637
   0.23988  0.12520 -1.14704
   0.22472  0.12357 -1.16496
   0.21012  0.12168 -1.17963
   0.19609  0.11957 -1.19132
   0.18267  0.11724 -1.19987
   0.16988  0.11472 -1.20500
   0.15772  0.11204 -1.20667
   0.14620  0.10922 -1.20504
   0.13533  0.10628 -1.20009
   0.12509  0.10326 -1.19189
   0.11546  0.10016 -1.18028
   0.10643  0.09700 -1.16579
   0.09797  0.09382 -1.14750
   0.09006  0.09060 -1.12682
   0.08267  0.08738 -1.10233
   0.07575  0.08416 -1.07526
   0.06930  0.08094 -1.04476
   0.06326  0.07773 -1.01125
   0.05763  0.07454 -0.97396
   0.05237  0.07136 -0.93349
   0.04746  0.06819 -0.88972
   0.04287  0.06505 -0.84194
   0.03859  0.06192 -0.79006
   0.03459  0.05880 -0.73432
   0.03086  0.05571 -0.67447
   0.02739  0.05262 -0.60891
   0.02417  0.04954 -0.53994
   0.02117  0.04648 -0.46589
   0.01840  0.04342 -0.38658
   0.01585  0.04038 -0.30184
   0.01350  0.03733 -0.21352
   0.01136  0.03430 -0.12023
   0.00941  0.03127 -0.02209
   0.00765  0.02825  0.07772
   0.00609  0.02523  0.18055
   0.00471  0.02223  0.28472
   0.00352  0.01924  0.38722
   0.00251  0.01627  0.48707
   0.00168  0.01331  0.58260
   0.00102  0.01039  0.67224
   0.00053  0.00749  0.75271
   0.00020  0.00463  0.82305
   0.00003  0.00181  0.88325
   0.00001 -0.00096  0.93044
   0.00013 -0.00375  0.96620
   0.00042 -0.00658  0.98978
   0.00087 -0.00942  0.99970
   0.00150 -0.01228  0.99533
   0.00231 -0.01514  0.97634
   0.00331 -0.01800  0.94370
   0.00451 -0.02085  0.89762
   0.00591 -0.02368  0.84082
   0.00750 -0.02649  0.77537
   0.00930 -0.02926  0.70287
   0.01130 -0.03199  0.62680
   0.01351 -0.03469  0.54846
   0.01592 -0.03734  0.46963
   0.01853 -0.03995  0.39238
   0.02136 -0.04252  0.31773
   0.02440 -0.04504  0.24613
   0.02766 -0.04752  0.17847
   0.03115 -0.04996  0.11514
   0.03488 -0.05236  0.05611
   0.03885 -0.05473  0.00152
   0.04309 -0.05705 -0.04903
   0.04761 -0.05934 -0.09476
   0.05243 -0.06159 -0.13692
   0.05756 -0.06381 -0.17503
   0.06305 -0.06600 -0.20986
   0.06891 -0.06815 -0.24023
   0.07517 -0.07026 -0.26823
   0.08188 -0.07233 -0.29245
   0.08907 -0.07435 -0.31354
   0.09679 -0.07633 -0.33202
   0.10507 -0.07825 -0.34720
   0.11399 -0.08011 -0.35948
   0.12357 -0.08189 -0.36970
   0.13389 -0.08358 -0.37648
   0.14498 -0.08516 -0.38102
   0.15689 -0.08662 -0.38308
   0.16967 -0.08794 -0.38231
   0.18334 -0.08910 -0.37956
   0.19792 -0.09007 -0.37420
   0.21341 -0.09084 -0.36702
   0.22979 -0.09139 -0.35790
   0.24705 -0.09171 -0.34716
   0.26512 -0.09178 -0.33503
   0.28398 -0.09161 -0.32196
   0.30355 -0.09119 -0.30806
   0.32376 -0.09053 -0.29379
   0.34456 -0.08964 -0.27950
   0.36585 -0.08853 -0.26554
   0.38753 -0.08722 -0.25245
   0.40949 -0.08572 -0.24139
   0.43166 -0.08401 -0.22884
   0.45406 -0.08209 -0.21524
   0.47670 -0.07997 -0.20116
   0.49957 -0.07766 -0.18687
   0.52267 -0.07517 -0.17275
   0.54599 -0.07251 -0.15908
   0.56950 -0.06971 -0.14612
   0.59319 -0.06675 -0.13401
   0.61704 -0.06367 -0.12300
   0.64102 -0.06046 -0.11359
   0.66512 -0.05714 -0.09102
   0.68929 -0.05372 -0.04244
   0.71352 -0.05020 -0.02008
   0.73776 -0.04659 -0.00663
   0.76197 -0.04292  0.00643
   0.78609 -0.03917  0.02065
   0.81005 -0.03538  0.03641
   0.83375 -0.03155  0.05369
   0.85704 -0.02771  0.07252
   0.87975 -0.02390  0.09325
   0.90165 -0.02015  0.11614
   0.92248 -0.01651  0.14154
   0.94199 -0.01304  0.16980
   0.95999 -0.00978  0.20174
   0.97635 -0.00676  0.23720
   0.99106 -0.00400  0.27968
   1.00000 -0.00231  0.29811
