NACA 2422                                       
 Alfa =   5.30000 Re =  1754319.625 Xflap,Yflap =     0.000000    0.000000
#    x        y        Cp  
   1.00000  0.00231  0.28130
   0.99137  0.00509  0.27585
   0.97729  0.00956  0.26084
   0.96181  0.01437  0.23602
   0.94499  0.01950  0.20068
   0.92694  0.02487  0.15607
   0.90784  0.03042  0.10513
   0.88788  0.03606  0.05114
   0.86727  0.04174 -0.00311
   0.84618  0.04739 -0.05608
   0.82473  0.05297 -0.10714
   0.80303  0.05845 -0.15618
   0.78116  0.06380 -0.20360
   0.75918  0.06901 -0.24948
   0.73714  0.07406 -0.29422
   0.71508  0.07894 -0.33820
   0.69301  0.08364 -0.38159
   0.67097  0.08816 -0.42470
   0.64897  0.09249 -0.46765
   0.62705  0.09661 -0.51055
   0.60522  0.10053 -0.55375
   0.58349  0.10424 -0.59708
   0.56190  0.10772 -0.64099
   0.54046  0.11096 -0.68520
   0.51919  0.11397 -0.72997
   0.49813  0.11674 -0.77518
   0.47730  0.11925 -0.82100
   0.45673  0.12149 -0.86706
   0.43646  0.12347 -0.91367
   0.41654  0.12517 -0.96020
   0.39701  0.12659 -1.00992
   0.37792  0.12770 -1.05517
   0.35923  0.12848 -1.10360
   0.34092  0.12893 -1.23095
   0.32301  0.12908 -1.26849
   0.30550  0.12890 -1.29872
   0.28841  0.12842 -1.33232
   0.27176  0.12764 -1.36766
   0.25557  0.12656 -1.40329
   0.23988  0.12520 -1.43826
   0.22472  0.12357 -1.47149
   0.21012  0.12168 -1.50266
   0.19609  0.11957 -1.53142
   0.18267  0.11724 -1.55755
   0.16988  0.11472 -1.58075
   0.15772  0.11204 -1.60100
   0.14620  0.10922 -1.61824
   0.13533  0.10628 -1.63222
   0.12509  0.10326 -1.64300
   0.11546  0.10016 -1.65096
   0.10643  0.09700 -1.65584
   0.09797  0.09382 -1.65713
   0.09006  0.09060 -1.65562
   0.08267  0.08738 -1.65114
   0.07575  0.08416 -1.64244
   0.06930  0.08094 -1.63208
   0.06326  0.07773 -1.61676
   0.05763  0.07454 -1.59864
   0.05237  0.07136 -1.57643
   0.04746  0.06819 -1.55018
   0.04287  0.06505 -1.52019
   0.03859  0.06192 -1.48531
   0.03459  0.05880 -1.44456
   0.03086  0.05571 -1.39922
   0.02739  0.05262 -1.34771
   0.02417  0.04954 -1.29045
   0.02117  0.04648 -1.22610
   0.01840  0.04342 -1.15464
   0.01585  0.04038 -1.07479
   0.01350  0.03733 -0.98769
   0.01136  0.03430 -0.89163
   0.00941  0.03127 -0.78799
   0.00765  0.02825 -0.67667
   0.00609  0.02523 -0.55796
   0.00471  0.02223 -0.43271
   0.00352  0.01924 -0.30025
   0.00251  0.01627 -0.16868
   0.00168  0.01331 -0.03296
   0.00102  0.01039  0.10056
   0.00053  0.00749  0.23134
   0.00020  0.00463  0.35438
   0.00003  0.00181  0.47070
   0.00001 -0.00096  0.57647
   0.00013 -0.00375  0.67225
   0.00042 -0.00658  0.75853
   0.00087 -0.00942  0.83467
   0.00150 -0.01228  0.89714
   0.00231 -0.01514  0.94630
   0.00331 -0.01800  0.97915
   0.00451 -0.02085  0.99680
   0.00591 -0.02368  0.99918
   0.00750 -0.02649  0.98772
   0.00930 -0.02926  0.96363
   0.01130 -0.03199  0.92916
   0.01351 -0.03469  0.88712
   0.01592 -0.03734  0.83773
   0.01853 -0.03995  0.78500
   0.02136 -0.04252  0.72845
   0.02440 -0.04504  0.67134
   0.02766 -0.04752  0.61344
   0.03115 -0.04996  0.55611
   0.03488 -0.05236  0.49968
   0.03885 -0.05473  0.44628
   0.04309 -0.05705  0.39348
   0.04761 -0.05934  0.34328
   0.05243 -0.06159  0.29572
   0.05756 -0.06381  0.25085
   0.06305 -0.06600  0.20778
   0.06891 -0.06815  0.16796
   0.07517 -0.07026  0.13009
   0.08188 -0.07233  0.09525
   0.08907 -0.07435  0.06250
   0.09679 -0.07633  0.03238
   0.10507 -0.07825  0.00459
   0.11399 -0.08011 -0.02044
   0.12357 -0.08189 -0.04306
   0.13389 -0.08358 -0.06325
   0.14498 -0.08516 -0.08108
   0.15689 -0.08662 -0.09643
   0.16967 -0.08794 -0.10883
   0.18334 -0.08910 -0.11934
   0.19792 -0.09007 -0.12693
   0.21341 -0.09084 -0.13274
   0.22979 -0.09139 -0.13591
   0.24705 -0.09171 -0.13720
   0.26512 -0.09178 -0.13674
   0.28398 -0.09161 -0.13475
   0.30355 -0.09119 -0.13134
   0.32376 -0.09053 -0.12697
   0.34456 -0.08964 -0.12214
   0.36585 -0.08853 -0.11699
   0.38753 -0.08722 -0.11225
   0.40949 -0.08572 -0.10981
   0.43166 -0.08401 -0.10474
   0.45406 -0.08209 -0.09801
   0.47670 -0.07997 -0.09012
   0.49957 -0.07766 -0.08146
   0.52267 -0.07517 -0.07225
   0.54599 -0.07251 -0.06267
   0.56950 -0.06971 -0.05292
   0.59319 -0.06675 -0.04294
   0.61704 -0.06367 -0.03302
   0.64102 -0.06046 -0.02305
   0.66512 -0.05714 -0.01328
   0.68929 -0.05372 -0.00366
   0.71352 -0.05020  0.00545
   0.73776 -0.04659  0.01393
   0.76197 -0.04292  0.02099
   0.78609 -0.03917  0.03125
   0.81005 -0.03538  0.07079
   0.83375 -0.03155  0.08839
   0.85704 -0.02771  0.10050
   0.87975 -0.02390  0.11381
   0.90165 -0.02015  0.12959
   0.92248 -0.01651  0.14809
   0.94199 -0.01304  0.16957
   0.95999 -0.00978  0.19515
   0.97635 -0.00676  0.22513
   0.99106 -0.00400  0.26829
   1.00000 -0.00231  0.28130
