NACA 2422                                       
 Alfa =  -5.30000 Re =   877159.813 Xflap,Yflap =     0.000000    0.000000
#    x        y        Cp  
   1.00000  0.00231  0.30602
   0.99137  0.00509  0.27831
   0.97729  0.00956  0.22466
   0.96181  0.01437  0.17571
   0.94499  0.01950  0.13028
   0.92694  0.02487  0.08896
   0.90784  0.03042  0.05179
   0.88788  0.03606  0.01791
   0.86727  0.04174 -0.01256
   0.84618  0.04739 -0.04008
   0.82473  0.05297 -0.06460
   0.80303  0.05845 -0.08628
   0.78116  0.06380 -0.10688
   0.75918  0.06901 -0.13521
   0.73714  0.07406 -0.19684
   0.71508  0.07894 -0.23824
   0.69301  0.08364 -0.24877
   0.67097  0.08816 -0.26049
   0.64897  0.09249 -0.27326
   0.62705  0.09661 -0.28712
   0.60522  0.10053 -0.30198
   0.58349  0.10424 -0.31752
   0.56190  0.10772 -0.33349
   0.54046  0.11096 -0.34955
   0.51919  0.11397 -0.36554
   0.49813  0.11674 -0.38125
   0.47730  0.11925 -0.39671
   0.45673  0.12149 -0.41176
   0.43646  0.12347 -0.42661
   0.41654  0.12517 -0.44123
   0.39701  0.12659 -0.45662
   0.37792  0.12770 -0.46939
   0.35923  0.12848 -0.47817
   0.34092  0.12893 -0.48393
   0.32301  0.12908 -0.48669
   0.30550  0.12890 -0.48646
   0.28841  0.12842 -0.48308
   0.27176  0.12764 -0.47677
   0.25557  0.12656 -0.46702
   0.23988  0.12520 -0.45417
   0.22472  0.12357 -0.43756
   0.21012  0.12168 -0.41781
   0.19609  0.11957 -0.39458
   0.18267  0.11724 -0.36814
   0.16988  0.11472 -0.33835
   0.15772  0.11204 -0.30533
   0.14620  0.10922 -0.26960
   0.13533  0.10628 -0.23066
   0.12509  0.10326 -0.18948
   0.11546  0.10016 -0.14583
   0.10643  0.09700 -0.10018
   0.09797  0.09382 -0.05200
   0.09006  0.09060 -0.00258
   0.08267  0.08738  0.04870
   0.07575  0.08416  0.10122
   0.06930  0.08094  0.15538
   0.06326  0.07773  0.21035
   0.05763  0.07454  0.26658
   0.05237  0.07136  0.32334
   0.04746  0.06819  0.38072
   0.04287  0.06505  0.43897
   0.03859  0.06192  0.49696
   0.03459  0.05880  0.55481
   0.03086  0.05571  0.61217
   0.02739  0.05262  0.66852
   0.02417  0.04954  0.72366
   0.02117  0.04648  0.77636
   0.01840  0.04342  0.82597
   0.01585  0.04038  0.87171
   0.01350  0.03733  0.91265
   0.01136  0.03430  0.94697
   0.00941  0.03127  0.97412
   0.00765  0.02825  0.99223
   0.00609  0.02523  0.99982
   0.00471  0.02223  0.99553
   0.00352  0.01924  0.97850
   0.00251  0.01627  0.94729
   0.00168  0.01331  0.90084
   0.00102  0.01039  0.84080
   0.00053  0.00749  0.76464
   0.00020  0.00463  0.67628
   0.00003  0.00181  0.57414
   0.00001 -0.00096  0.45926
   0.00013 -0.00375  0.32989
   0.00042 -0.00658  0.18574
   0.00087 -0.00942  0.02989
   0.00150 -0.01228 -0.13681
   0.00231 -0.01514 -0.30749
   0.00331 -0.01800 -0.47945
   0.00451 -0.02085 -0.64818
   0.00591 -0.02368 -0.81056
   0.00750 -0.02649 -0.96085
   0.00930 -0.02926 -1.09970
   0.01130 -0.03199 -1.22305
   0.01351 -0.03469 -1.32950
   0.01592 -0.03734 -1.42090
   0.01853 -0.03995 -1.49760
   0.02136 -0.04252 -1.55926
   0.02440 -0.04504 -1.60681
   0.02766 -0.04752 -1.64340
   0.03115 -0.04996 -1.66935
   0.03488 -0.05236 -1.68540
   0.03885 -0.05473 -1.69221
   0.04309 -0.05705 -1.69345
   0.04761 -0.05934 -1.68685
   0.05243 -0.06159 -1.67538
   0.05756 -0.06381 -1.65883
   0.06305 -0.06600 -1.63788
   0.06891 -0.06815 -1.61306
   0.07517 -0.07026 -1.58511
   0.08188 -0.07233 -1.55390
   0.08907 -0.07435 -1.51985
   0.09679 -0.07633 -1.48390
   0.10507 -0.07825 -1.44537
   0.11399 -0.08011 -1.40510
   0.12357 -0.08189 -1.36357
   0.13389 -0.08358 -1.32093
   0.14498 -0.08516 -1.27820
   0.15689 -0.08662 -1.23642
   0.16967 -0.08794 -1.19636
   0.18334 -0.08910 -1.15873
   0.19792 -0.09007 -1.12342
   0.21341 -0.09084 -1.09044
   0.22979 -0.09139 -0.96147
   0.24705 -0.09171 -0.87753
   0.26512 -0.09178 -0.83412
   0.28398 -0.09161 -0.79425
   0.30355 -0.09119 -0.75273
   0.32376 -0.09053 -0.71085
   0.34456 -0.08964 -0.66946
   0.36585 -0.08853 -0.62956
   0.38753 -0.08722 -0.59234
   0.40949 -0.08572 -0.56065
   0.43166 -0.08401 -0.52612
   0.45406 -0.08209 -0.49064
   0.47670 -0.07997 -0.45538
   0.49957 -0.07766 -0.42043
   0.52267 -0.07517 -0.38607
   0.54599 -0.07251 -0.35237
   0.56950 -0.06971 -0.31935
   0.59319 -0.06675 -0.28688
   0.61704 -0.06367 -0.25515
   0.64102 -0.06046 -0.22377
   0.66512 -0.05714 -0.19294
   0.68929 -0.05372 -0.16218
   0.71352 -0.05020 -0.13170
   0.73776 -0.04659 -0.10101
   0.76197 -0.04292 -0.06999
   0.78609 -0.03917 -0.03846
   0.81005 -0.03538 -0.00605
   0.83375 -0.03155  0.02743
   0.85704 -0.02771  0.06213
   0.87975 -0.02390  0.09810
   0.90165 -0.02015  0.13498
   0.92248 -0.01651  0.17199
   0.94199 -0.01304  0.20781
   0.95999 -0.00978  0.24099
   0.97635 -0.00676  0.26996
   0.99106 -0.00400  0.29430
   1.00000 -0.00231  0.30602
