NACA 2422                                       
 Alfa =  25.00000 Re =   912246.188 Xflap,Yflap =     0.000000    0.000000
#    x        y        Cp  
   1.00000  0.00231 -0.34359
   0.99137  0.00509 -0.34540
   0.97729  0.00956 -0.34835
   0.96181  0.01437 -0.35164
   0.94499  0.01950 -0.35528
   0.92694  0.02487 -0.35928
   0.90784  0.03042 -0.36361
   0.88788  0.03606 -0.36827
   0.86727  0.04174 -0.37324
   0.84618  0.04739 -0.37850
   0.82473  0.05297 -0.38405
   0.80303  0.05845 -0.38988
   0.78116  0.06380 -0.39601
   0.75918  0.06901 -0.40244
   0.73714  0.07406 -0.40920
   0.71508  0.07894 -0.41629
   0.69301  0.08364 -0.42375
   0.67097  0.08816 -0.43160
   0.64897  0.09249 -0.43987
   0.62705  0.09661 -0.44859
   0.60522  0.10053 -0.45782
   0.58349  0.10424 -0.46758
   0.56190  0.10772 -0.47792
   0.54046  0.11096 -0.48890
   0.51919  0.11397 -0.50056
   0.49813  0.11674 -0.51295
   0.47730  0.11925 -0.52612
   0.45673  0.12149 -0.54012
   0.43646  0.12347 -0.55496
   0.41654  0.12517 -0.57065
   0.39701  0.12659 -0.58717
   0.37792  0.12770 -0.60449
   0.35923  0.12848 -0.62264
   0.34092  0.12893 -0.64160
   0.32301  0.12908 -0.66134
   0.30550  0.12890 -0.68192
   0.28841  0.12842 -0.70342
   0.27176  0.12764 -0.72578
   0.25557  0.12656 -0.74815
   0.23988  0.12520 -0.76255
   0.22472  0.12357 -0.83399
   0.21012  0.12168 -0.99978
   0.19609  0.11957 -1.21191
   0.18267  0.11724 -1.43166
   0.16988  0.11472 -1.64199
   0.15772  0.11204 -1.83860
   0.14620  0.10922 -2.02478
   0.13533  0.10628 -2.20010
   0.12509  0.10326 -2.36918
   0.11546  0.10016 -2.53077
   0.10643  0.09700 -2.68813
   0.09797  0.09382 -2.83662
   0.09006  0.09060 -2.97938
   0.08267  0.08738 -3.11207
   0.07575  0.08416 -3.23152
   0.06930  0.08094 -3.34435
   0.06326  0.07773 -3.53099
   0.05763  0.07454 -4.09937
   0.05237  0.07136 -4.28138
   0.04746  0.06819 -4.33812
   0.04287  0.06505 -4.39805
   0.03859  0.06192 -4.46700
   0.03459  0.05880 -4.54757
   0.03086  0.05571 -4.64060
   0.02739  0.05262 -4.74645
   0.02417  0.04954 -4.85923
   0.02117  0.04648 -4.97118
   0.01840  0.04342 -5.07649
   0.01585  0.04038 -5.17122
   0.01350  0.03733 -5.25020
   0.01136  0.03430 -5.31022
   0.00941  0.03127 -5.35259
   0.00765  0.02825 -5.36592
   0.00609  0.02523 -5.35423
   0.00471  0.02223 -5.30955
   0.00352  0.01924 -5.23869
   0.00251  0.01627 -5.12610
   0.00168  0.01331 -4.98432
   0.00102  0.01039 -4.80803
   0.00053  0.00749 -4.60176
   0.00020  0.00463 -4.37765
   0.00003  0.00181 -4.12341
   0.00001 -0.00096 -3.86899
   0.00013 -0.00375 -3.60212
   0.00042 -0.00658 -3.31962
   0.00087 -0.00942 -3.01482
   0.00150 -0.01228 -2.68868
   0.00231 -0.01514 -2.35786
   0.00331 -0.01800 -2.02066
   0.00451 -0.02085 -1.68183
   0.00591 -0.02368 -1.35449
   0.00750 -0.02649 -1.03980
   0.00930 -0.02926 -0.74604
   0.01130 -0.03199 -0.47693
   0.01351 -0.03469 -0.23129
   0.01592 -0.03734 -0.01396
   0.01853 -0.03995  0.17769
   0.02136 -0.04252  0.34155
   0.02440 -0.04504  0.48294
   0.02766 -0.04752  0.60315
   0.03115 -0.04996  0.70282
   0.03488 -0.05236  0.78349
   0.03885 -0.05473  0.84927
   0.04309 -0.05705  0.90059
   0.04761 -0.05934  0.93960
   0.05243 -0.06159  0.96786
   0.05756 -0.06381  0.98642
   0.06305 -0.06600  0.99691
   0.06891 -0.06815  1.00000
   0.07517 -0.07026  0.99680
   0.08188 -0.07233  0.98806
   0.08907 -0.07435  0.97467
   0.09679 -0.07633  0.95676
   0.10507 -0.07825  0.93551
   0.11399 -0.08011  0.91097
   0.12357 -0.08189  0.88383
   0.13389 -0.08358  0.85451
   0.14498 -0.08516  0.82326
   0.15689 -0.08662  0.79065
   0.16967 -0.08794  0.75702
   0.18334 -0.08910  0.72292
   0.19792 -0.09007  0.68853
   0.21341 -0.09084  0.65416
   0.22979 -0.09139  0.62037
   0.24705 -0.09171  0.58708
   0.26512 -0.09178  0.55493
   0.28398 -0.09161  0.52364
   0.30355 -0.09119  0.49348
   0.32376 -0.09053  0.46453
   0.34456 -0.08964  0.43633
   0.36585 -0.08853  0.40917
   0.38753 -0.08722  0.38247
   0.40949 -0.08572  0.35459
   0.43166 -0.08401  0.32913
   0.45406 -0.08209  0.30563
   0.47670 -0.07997  0.28324
   0.49957 -0.07766  0.26192
   0.52267 -0.07517  0.24131
   0.54599 -0.07251  0.22137
   0.56950 -0.06971  0.20164
   0.59319 -0.06675  0.18239
   0.61704 -0.06367  0.16302
   0.64102 -0.06046  0.14390
   0.66512 -0.05714  0.12435
   0.68929 -0.05372  0.10494
   0.71352 -0.05020  0.08470
   0.73776 -0.04659  0.06419
   0.76197 -0.04292  0.04305
   0.78609 -0.03917  0.02115
   0.81005 -0.03538 -0.00160
   0.83375 -0.03155 -0.02527
   0.85704 -0.02771 -0.04994
   0.87975 -0.02390 -0.07558
   0.90165 -0.02015 -0.10212
   0.92248 -0.01651 -0.12965
   0.94199 -0.01304 -0.15781
   0.95999 -0.00978 -0.18629
   0.97635 -0.00676 -0.21704
   0.99106 -0.00400 -0.23516
   1.00000 -0.00231 -0.34359
