NACA 2422                                       
 Alfa =   0.50000 Re =  1754319.625 Xflap,Yflap =     0.000000    0.000000
#    x        y        Cp  
   1.00000  0.00231  0.32177
   0.99137  0.00509  0.30397
   0.97729  0.00956  0.26589
   0.96181  0.01437  0.22027
   0.94499  0.01950  0.16969
   0.92694  0.02487  0.11784
   0.90784  0.03042  0.06740
   0.88788  0.03606  0.01933
   0.86727  0.04174 -0.02582
   0.84618  0.04739 -0.06835
   0.82473  0.05297 -0.10852
   0.80303  0.05845 -0.14663
   0.78116  0.06380 -0.18325
   0.75918  0.06901 -0.21837
   0.73714  0.07406 -0.25238
   0.71508  0.07894 -0.28553
   0.69301  0.08364 -0.31798
   0.67097  0.08816 -0.34984
   0.64897  0.09249 -0.38124
   0.62705  0.09661 -0.41207
   0.60522  0.10053 -0.44256
   0.58349  0.10424 -0.47229
   0.56190  0.10772 -0.50136
   0.54046  0.11096 -0.52898
   0.51919  0.11397 -0.55466
   0.49813  0.11674 -0.57919
   0.47730  0.11925 -0.61786
   0.45673  0.12149 -0.71711
   0.43646  0.12347 -0.73638
   0.41654  0.12517 -0.75921
   0.39701  0.12659 -0.78557
   0.37792  0.12770 -0.81396
   0.35923  0.12848 -0.84172
   0.34092  0.12893 -0.86807
   0.32301  0.12908 -0.89243
   0.30550  0.12890 -0.91441
   0.28841  0.12842 -0.93407
   0.27176  0.12764 -0.95121
   0.25557  0.12656 -0.96531
   0.23988  0.12520 -0.97673
   0.22472  0.12357 -0.98484
   0.21012  0.12168 -0.98981
   0.19609  0.11957 -0.99135
   0.18267  0.11724 -0.98982
   0.16988  0.11472 -0.98457
   0.15772  0.11204 -0.97590
   0.14620  0.10922 -0.96392
   0.13533  0.10628 -0.94844
   0.12509  0.10326 -0.92992
   0.11546  0.10016 -0.90818
   0.10643  0.09700 -0.88322
   0.09797  0.09382 -0.85508
   0.09006  0.09060 -0.82401
   0.08267  0.08738 -0.79034
   0.07575  0.08416 -0.75342
   0.06930  0.08094 -0.71378
   0.06326  0.07773 -0.67125
   0.05763  0.07454 -0.62531
   0.05237  0.07136 -0.57700
   0.04746  0.06819 -0.52519
   0.04287  0.06505 -0.47023
   0.03859  0.06192 -0.41265
   0.03459  0.05880 -0.35042
   0.03086  0.05571 -0.28600
   0.02739  0.05262 -0.21750
   0.02417  0.04954 -0.14470
   0.02117  0.04648 -0.07043
   0.01840  0.04342  0.00863
   0.01585  0.04038  0.08993
   0.01350  0.03733  0.17519
   0.01136  0.03430  0.26053
   0.00941  0.03127  0.34871
   0.00765  0.02825  0.43594
   0.00609  0.02523  0.52252
   0.00471  0.02223  0.60786
   0.00352  0.01924  0.68670
   0.00251  0.01627  0.76162
   0.00168  0.01331  0.82826
   0.00102  0.01039  0.88565
   0.00053  0.00749  0.93239
   0.00020  0.00463  0.96694
   0.00003  0.00181  0.98974
   0.00001 -0.00096  0.99951
   0.00013 -0.00375  0.99651
   0.00042 -0.00658  0.97981
   0.00087 -0.00942  0.94885
   0.00150 -0.01228  0.90394
   0.00231 -0.01514  0.84432
   0.00331 -0.01800  0.77387
   0.00451 -0.02085  0.69290
   0.00591 -0.02368  0.60374
   0.00750 -0.02649  0.51048
   0.00930 -0.02926  0.41385
   0.01130 -0.03199  0.31798
   0.01351 -0.03469  0.22418
   0.01592 -0.03734  0.13440
   0.01853 -0.03995  0.04816
   0.02136 -0.04252 -0.03096
   0.02440 -0.04504 -0.10481
   0.02766 -0.04752 -0.17193
   0.03115 -0.04996 -0.23385
   0.03488 -0.05236 -0.28881
   0.03885 -0.05473 -0.33789
   0.04309 -0.05705 -0.38221
   0.04761 -0.05934 -0.42127
   0.05243 -0.06159 -0.45521
   0.05756 -0.06381 -0.48457
   0.06305 -0.06600 -0.51033
   0.06891 -0.06815 -0.53184
   0.07517 -0.07026 -0.54944
   0.08188 -0.07233 -0.56385
   0.08907 -0.07435 -0.57500
   0.09679 -0.07633 -0.58324
   0.10507 -0.07825 -0.58810
   0.11399 -0.08011 -0.59008
   0.12357 -0.08189 -0.58971
   0.13389 -0.08358 -0.58644
   0.14498 -0.08516 -0.58042
   0.15689 -0.08662 -0.57237
   0.16967 -0.08794 -0.56166
   0.18334 -0.08910 -0.54905
   0.19792 -0.09007 -0.53415
   0.21341 -0.09084 -0.51764
   0.22979 -0.09139 -0.49963
   0.24705 -0.09171 -0.48022
   0.26512 -0.09178 -0.46005
   0.28398 -0.09161 -0.43935
   0.30355 -0.09119 -0.41835
   0.32376 -0.09053 -0.39772
   0.34456 -0.08964 -0.37770
   0.36585 -0.08853 -0.35882
   0.38753 -0.08722 -0.34180
   0.40949 -0.08572 -0.32821
   0.43166 -0.08401 -0.31670
   0.45406 -0.08209 -0.28833
   0.47670 -0.07997 -0.24535
   0.49957 -0.07766 -0.22558
   0.52267 -0.07517 -0.20937
   0.54599 -0.07251 -0.19239
   0.56950 -0.06971 -0.17462
   0.59319 -0.06675 -0.15608
   0.61704 -0.06367 -0.13747
   0.64102 -0.06046 -0.11849
   0.66512 -0.05714 -0.09965
   0.68929 -0.05372 -0.08039
   0.71352 -0.05020 -0.06126
   0.73776 -0.04659 -0.04171
   0.76197 -0.04292 -0.02172
   0.78609 -0.03917 -0.00125
   0.81005 -0.03538  0.02010
   0.83375 -0.03155  0.04253
   0.85704 -0.02771  0.06630
   0.87975 -0.02390  0.09188
   0.90165 -0.02015  0.11963
   0.92248 -0.01651  0.14996
   0.94199 -0.01304  0.18312
   0.95999 -0.00978  0.21960
   0.97635 -0.00676  0.25860
   0.99106 -0.00400  0.30139
   1.00000 -0.00231  0.32177
