NACA 2422                                       
 Alfa =  24.70000 Re =   912246.188 Xflap,Yflap =     0.000000    0.000000
#    x        y        Cp  
   1.00000  0.00231 -0.33488
   0.99137  0.00509 -0.33671
   0.97729  0.00956 -0.33969
   0.96181  0.01437 -0.34302
   0.94499  0.01950 -0.34670
   0.92694  0.02487 -0.35074
   0.90784  0.03042 -0.35512
   0.88788  0.03606 -0.35984
   0.86727  0.04174 -0.36487
   0.84618  0.04739 -0.37019
   0.82473  0.05297 -0.37582
   0.80303  0.05845 -0.38174
   0.78116  0.06380 -0.38795
   0.75918  0.06901 -0.39448
   0.73714  0.07406 -0.40134
   0.71508  0.07894 -0.40855
   0.69301  0.08364 -0.41613
   0.67097  0.08816 -0.42411
   0.64897  0.09249 -0.43253
   0.62705  0.09661 -0.44142
   0.60522  0.10053 -0.45082
   0.58349  0.10424 -0.46077
   0.56190  0.10772 -0.47132
   0.54046  0.11096 -0.48252
   0.51919  0.11397 -0.49441
   0.49813  0.11674 -0.50706
   0.47730  0.11925 -0.52050
   0.45673  0.12149 -0.53477
   0.43646  0.12347 -0.54989
   0.41654  0.12517 -0.56586
   0.39701  0.12659 -0.58263
   0.37792  0.12770 -0.60020
   0.35923  0.12848 -0.61857
   0.34092  0.12893 -0.63771
   0.32301  0.12908 -0.65766
   0.30550  0.12890 -0.67847
   0.28841  0.12842 -0.70017
   0.27176  0.12764 -0.72253
   0.25557  0.12656 -0.74339
   0.23988  0.12520 -0.76379
   0.22472  0.12357 -0.88015
   0.21012  0.12168 -1.06772
   0.19609  0.11957 -1.28281
   0.18267  0.11724 -1.49616
   0.16988  0.11472 -1.69778
   0.15772  0.11204 -1.88681
   0.14620  0.10922 -2.06628
   0.13533  0.10628 -2.23619
   0.12509  0.10326 -2.40073
   0.11546  0.10016 -2.55847
   0.10643  0.09700 -2.71044
   0.09797  0.09382 -2.85580
   0.09006  0.09060 -2.99468
   0.08267  0.08738 -3.12250
   0.07575  0.08416 -3.23634
   0.06930  0.08094 -3.34527
   0.06326  0.07773 -3.55575
   0.05763  0.07454 -4.19008
   0.05237  0.07136 -4.24966
   0.04746  0.06819 -4.30690
   0.04287  0.06505 -4.36900
   0.03859  0.06192 -4.44098
   0.03459  0.05880 -4.52399
   0.03086  0.05571 -4.61952
   0.02739  0.05262 -4.72676
   0.02417  0.04954 -4.83825
   0.02117  0.04648 -4.94741
   0.01840  0.04342 -5.05006
   0.01585  0.04038 -5.13930
   0.01350  0.03733 -5.21557
   0.01136  0.03430 -5.27373
   0.00941  0.03127 -5.30861
   0.00765  0.02825 -5.31906
   0.00609  0.02523 -5.30645
   0.00471  0.02223 -5.25854
   0.00352  0.01924 -5.17933
   0.00251  0.01627 -5.06964
   0.00168  0.01331 -4.92293
   0.00102  0.01039 -4.74793
   0.00053  0.00749 -4.53819
   0.00020  0.00463 -4.31149
   0.00003  0.00181 -4.05819
   0.00001 -0.00096 -3.80433
   0.00013 -0.00375 -3.53884
   0.00042 -0.00658 -3.25347
   0.00087 -0.00942 -2.95088
   0.00150 -0.01228 -2.62719
   0.00231 -0.01514 -2.29968
   0.00331 -0.01800 -1.96398
   0.00451 -0.02085 -1.62736
   0.00591 -0.02368 -1.30237
   0.00750 -0.02649 -0.99533
   0.00930 -0.02926 -0.70279
   0.01130 -0.03199 -0.43638
   0.01351 -0.03469 -0.19586
   0.01592 -0.03734  0.01634
   0.01853 -0.03995  0.20482
   0.02136 -0.04252  0.36566
   0.02440 -0.04504  0.50495
   0.02766 -0.04752  0.62092
   0.03115 -0.04996  0.71761
   0.03488 -0.05236  0.79560
   0.03885 -0.05473  0.85955
   0.04309 -0.05705  0.90869
   0.04761 -0.05934  0.94545
   0.05243 -0.06159  0.97208
   0.05756 -0.06381  0.98908
   0.06305 -0.06600  0.99801
   0.06891 -0.06815  0.99984
   0.07517 -0.07026  0.99546
   0.08188 -0.07233  0.98574
   0.08907 -0.07435  0.97134
   0.09679 -0.07633  0.95270
   0.10507 -0.07825  0.93064
   0.11399 -0.08011  0.90558
   0.12357 -0.08189  0.87785
   0.13389 -0.08358  0.84817
   0.14498 -0.08516  0.81657
   0.15689 -0.08662  0.78353
   0.16967 -0.08794  0.75003
   0.18334 -0.08910  0.71553
   0.19792 -0.09007  0.68106
   0.21341 -0.09084  0.64674
   0.22979 -0.09139  0.61301
   0.24705 -0.09171  0.57985
   0.26512 -0.09178  0.54782
   0.28398 -0.09161  0.51664
   0.30355 -0.09119  0.48669
   0.32376 -0.09053  0.45795
   0.34456 -0.08964  0.43009
   0.36585 -0.08853  0.40306
   0.38753 -0.08722  0.37666
   0.40949 -0.08572  0.34900
   0.43166 -0.08401  0.32393
   0.45406 -0.08209  0.30055
   0.47670 -0.07997  0.27859
   0.49957 -0.07766  0.25755
   0.52267 -0.07517  0.23730
   0.54599 -0.07251  0.21762
   0.56950 -0.06971  0.19830
   0.59319 -0.06675  0.17933
   0.61704 -0.06367  0.16037
   0.64102 -0.06046  0.14157
   0.66512 -0.05714  0.12242
   0.68929 -0.05372  0.10330
   0.71352 -0.05020  0.08357
   0.73776 -0.04659  0.06346
   0.76197 -0.04292  0.04275
   0.78609 -0.03917  0.02127
   0.81005 -0.03538 -0.00098
   0.83375 -0.03155 -0.02414
   0.85704 -0.02771 -0.04829
   0.87975 -0.02390 -0.07335
   0.90165 -0.02015 -0.09928
   0.92248 -0.01651 -0.12617
   0.94199 -0.01304 -0.15363
   0.95999 -0.00978 -0.18142
   0.97635 -0.00676 -0.21131
   0.99106 -0.00400 -0.22879
   1.00000 -0.00231 -0.33488
