NACA 2422                                       
 Alfa =  14.80000 Re =  1403455.750 Xflap,Yflap =     0.000000    0.000000
#    x        y        Cp  
   1.00000  0.00231  0.00318
   0.99137  0.00509  0.00020
   0.97729  0.00956 -0.00464
   0.96181  0.01437 -0.01003
   0.94499  0.01950 -0.01601
   0.92694  0.02487 -0.02257
   0.90784  0.03042 -0.02970
   0.88788  0.03606 -0.03737
   0.86727  0.04174 -0.04553
   0.84618  0.04739 -0.05412
   0.82473  0.05297 -0.06310
   0.80303  0.05845 -0.07237
   0.78116  0.06380 -0.08179
   0.75918  0.06901 -0.09095
   0.73714  0.07406 -0.09831
   0.71508  0.07894 -0.10069
   0.69301  0.08364 -0.12920
   0.67097  0.08816 -0.17727
   0.64897  0.09249 -0.24075
   0.62705  0.09661 -0.31462
   0.60522  0.10053 -0.39427
   0.58349  0.10424 -0.47637
   0.56190  0.10772 -0.55916
   0.54046  0.11096 -0.64196
   0.51919  0.11397 -0.72469
   0.49813  0.11674 -0.80769
   0.47730  0.11925 -0.89150
   0.45673  0.12149 -0.97628
   0.43646  0.12347 -1.06310
   0.41654  0.12517 -1.15222
   0.39701  0.12659 -1.24693
   0.37792  0.12770 -1.34187
   0.35923  0.12848 -1.43383
   0.34092  0.12893 -1.52552
   0.32301  0.12908 -1.61707
   0.30550  0.12890 -1.70832
   0.28841  0.12842 -1.80003
   0.27176  0.12764 -1.89122
   0.25557  0.12656 -1.98270
   0.23988  0.12520 -2.07326
   0.22472  0.12357 -2.16355
   0.21012  0.12168 -2.25186
   0.19609  0.11957 -2.33939
   0.18267  0.11724 -2.42333
   0.16988  0.11472 -2.50341
   0.15772  0.11204 -2.57664
   0.14620  0.10922 -2.64577
   0.13533  0.10628 -2.73757
   0.12509  0.10326 -2.98823
   0.11546  0.10016 -3.04229
   0.10643  0.09700 -3.10115
   0.09797  0.09382 -3.16362
   0.09006  0.09060 -3.22966
   0.08267  0.08738 -3.29726
   0.07575  0.08416 -3.36558
   0.06930  0.08094 -3.43398
   0.06326  0.07773 -3.50101
   0.05763  0.07454 -3.56655
   0.05237  0.07136 -3.62959
   0.04746  0.06819 -3.68964
   0.04287  0.06505 -3.74700
   0.03859  0.06192 -3.79961
   0.03459  0.05880 -3.84789
   0.03086  0.05571 -3.88923
   0.02739  0.05262 -3.92613
   0.02417  0.04954 -3.95323
   0.02117  0.04648 -3.97067
   0.01840  0.04342 -3.97829
   0.01585  0.04038 -3.97130
   0.01350  0.03733 -3.95319
   0.01136  0.03430 -3.91446
   0.00941  0.03127 -3.86026
   0.00765  0.02825 -3.78504
   0.00609  0.02523 -3.68659
   0.00471  0.02223 -3.56547
   0.00352  0.01924 -3.42243
   0.00251  0.01627 -3.25351
   0.00168  0.01331 -3.06446
   0.00102  0.01039 -2.85724
   0.00053  0.00749 -2.63304
   0.00020  0.00463 -2.39633
   0.00003  0.00181 -2.15794
   0.00001 -0.00096 -1.91432
   0.00013 -0.00375 -1.67770
   0.00042 -0.00658 -1.42866
   0.00087 -0.00942 -1.17522
   0.00150 -0.01228 -0.92627
   0.00231 -0.01514 -0.67467
   0.00331 -0.01800 -0.43196
   0.00451 -0.02085 -0.20392
   0.00591 -0.02368  0.00948
   0.00750 -0.02649  0.20081
   0.00930 -0.02926  0.37170
   0.01130 -0.03199  0.51855
   0.01351 -0.03469  0.64268
   0.01592 -0.03734  0.74474
   0.01853 -0.03995  0.82683
   0.02136 -0.04252  0.89014
   0.02440 -0.04504  0.93698
   0.02766 -0.04752  0.96929
   0.03115 -0.04996  0.98944
   0.03488 -0.05236  0.99873
   0.03885 -0.05473  0.99916
   0.04309 -0.05705  0.99208
   0.04761 -0.05934  0.97877
   0.05243 -0.06159  0.96004
   0.05756 -0.06381  0.93737
   0.06305 -0.06600  0.91096
   0.06891 -0.06815  0.88207
   0.07517 -0.07026  0.85073
   0.08188 -0.07233  0.81757
   0.08907 -0.07435  0.78337
   0.09679 -0.07633  0.74795
   0.10507 -0.07825  0.71217
   0.11399 -0.08011  0.67612
   0.12357 -0.08189  0.64002
   0.13389 -0.08358  0.60413
   0.14498 -0.08516  0.56873
   0.15689 -0.08662  0.53427
   0.16967 -0.08794  0.50092
   0.18334 -0.08910  0.46852
   0.19792 -0.09007  0.43787
   0.21341 -0.09084  0.40885
   0.22979 -0.09139  0.38170
   0.24705 -0.09171  0.35626
   0.26512 -0.09178  0.33280
   0.28398 -0.09161  0.31104
   0.30355 -0.09119  0.29110
   0.32376 -0.09053  0.27287
   0.34456 -0.08964  0.25576
   0.36585 -0.08853  0.23980
   0.38753 -0.08722  0.22445
   0.40949 -0.08572  0.20764
   0.43166 -0.08401  0.19399
   0.45406 -0.08209  0.18226
   0.47670 -0.07997  0.17210
   0.49957 -0.07766  0.16299
   0.52267 -0.07517  0.15498
   0.54599 -0.07251  0.14757
   0.56950 -0.06971  0.14070
   0.59319 -0.06675  0.13441
   0.61704 -0.06367  0.12832
   0.64102 -0.06046  0.12262
   0.66512 -0.05714  0.11695
   0.68929 -0.05372  0.11160
   0.71352 -0.05020  0.10607
   0.73776 -0.04659  0.10071
   0.76197 -0.04292  0.09532
   0.78609 -0.03917  0.08981
   0.81005 -0.03538  0.08431
   0.83375 -0.03155  0.07877
   0.85704 -0.02771  0.07314
   0.87975 -0.02390  0.06755
   0.90165 -0.02015  0.06208
   0.92248 -0.01651  0.05669
   0.94199 -0.01304  0.05151
   0.95999 -0.00978  0.04691
   0.97635 -0.00676  0.04205
   0.99106 -0.00400  0.04381
   1.00000 -0.00231  0.00318
