NACA 2422                                       
 Alfa =   2.90000 Re =  1403455.750 Xflap,Yflap =     0.000000    0.000000
#    x        y        Cp  
   1.00000  0.00231  0.30332
   0.99137  0.00509  0.29219
   0.97729  0.00956  0.26654
   0.96181  0.01437  0.23131
   0.94499  0.01950  0.18739
   0.92694  0.02487  0.13766
   0.90784  0.03042  0.08555
   0.88788  0.03606  0.03359
   0.86727  0.04174 -0.01660
   0.84618  0.04739 -0.06452
   0.82473  0.05297 -0.11016
   0.80303  0.05845 -0.15370
   0.78116  0.06380 -0.19564
   0.75918  0.06901 -0.23605
   0.73714  0.07406 -0.27535
   0.71508  0.07894 -0.31383
   0.69301  0.08364 -0.35166
   0.67097  0.08816 -0.38905
   0.64897  0.09249 -0.42614
   0.62705  0.09661 -0.46289
   0.60522  0.10053 -0.49964
   0.58349  0.10424 -0.53612
   0.56190  0.10772 -0.57260
   0.54046  0.11096 -0.60871
   0.51919  0.11397 -0.64430
   0.49813  0.11674 -0.67865
   0.47730  0.11925 -0.71141
   0.45673  0.12149 -0.74208
   0.43646  0.12347 -0.78206
   0.41654  0.12517 -0.91037
   0.39701  0.12659 -0.95124
   0.37792  0.12770 -0.97628
   0.35923  0.12848 -1.00403
   0.34092  0.12893 -1.03416
   0.32301  0.12908 -1.06539
   0.30550  0.12890 -1.09630
   0.28841  0.12842 -1.12614
   0.27176  0.12764 -1.15415
   0.25557  0.12656 -1.17985
   0.23988  0.12520 -1.20319
   0.22472  0.12357 -1.22368
   0.21012  0.12168 -1.24141
   0.19609  0.11957 -1.25595
   0.18267  0.11724 -1.26736
   0.16988  0.11472 -1.27578
   0.15772  0.11204 -1.28049
   0.14620  0.10922 -1.28212
   0.13533  0.10628 -1.28029
   0.12509  0.10326 -1.27511
   0.11546  0.10016 -1.26709
   0.10643  0.09700 -1.25555
   0.09797  0.09382 -1.24076
   0.09006  0.09060 -1.22305
   0.08267  0.08738 -1.20210
   0.07575  0.08416 -1.17790
   0.06930  0.08094 -1.15043
   0.06326  0.07773 -1.11970
   0.05763  0.07454 -1.08594
   0.05237  0.07136 -1.04850
   0.04746  0.06819 -1.00642
   0.04287  0.06505 -0.96184
   0.03859  0.06192 -0.91275
   0.03459  0.05880 -0.85930
   0.03086  0.05571 -0.80100
   0.02739  0.05262 -0.73776
   0.02417  0.04954 -0.67018
   0.02117  0.04648 -0.59603
   0.01840  0.04342 -0.51824
   0.01585  0.04038 -0.43346
   0.01350  0.03733 -0.34414
   0.01136  0.03430 -0.24984
   0.00941  0.03127 -0.15033
   0.00765  0.02825 -0.04540
   0.00609  0.02523  0.05940
   0.00471  0.02223  0.16939
   0.00352  0.01924  0.27778
   0.00251  0.01627  0.38406
   0.00168  0.01331  0.48928
   0.00102  0.01039  0.58667
   0.00053  0.00749  0.67718
   0.00020  0.00463  0.75782
   0.00003  0.00181  0.82917
   0.00001 -0.00096  0.88682
   0.00013 -0.00375  0.93444
   0.00042 -0.00658  0.96984
   0.00087 -0.00942  0.99191
   0.00150 -0.01228  0.99999
   0.00231 -0.01514  0.99331
   0.00331 -0.01800  0.97218
   0.00451 -0.02085  0.93760
   0.00591 -0.02368  0.89113
   0.00750 -0.02649  0.83440
   0.00930 -0.02926  0.77053
   0.01130 -0.03199  0.70070
   0.01351 -0.03469  0.62796
   0.01592 -0.03734  0.55405
   0.01853 -0.03995  0.48004
   0.02136 -0.04252  0.40790
   0.02440 -0.04504  0.33814
   0.02766 -0.04752  0.27116
   0.03115 -0.04996  0.20828
   0.03488 -0.05236  0.14890
   0.03885 -0.05473  0.09371
   0.04309 -0.05705  0.04229
   0.04761 -0.05934 -0.00555
   0.05243 -0.06159 -0.04883
   0.05756 -0.06381 -0.08906
   0.06305 -0.06600 -0.12547
   0.06891 -0.06815 -0.15871
   0.07517 -0.07026 -0.18839
   0.08188 -0.07233 -0.21519
   0.08907 -0.07435 -0.23896
   0.09679 -0.07633 -0.25978
   0.10507 -0.07825 -0.27776
   0.11399 -0.08011 -0.29266
   0.12357 -0.08189 -0.30540
   0.13389 -0.08358 -0.31515
   0.14498 -0.08516 -0.32214
   0.15689 -0.08662 -0.32690
   0.16967 -0.08794 -0.32883
   0.18334 -0.08910 -0.32865
   0.19792 -0.09007 -0.32591
   0.21341 -0.09084 -0.32127
   0.22979 -0.09139 -0.31451
   0.24705 -0.09171 -0.30600
   0.26512 -0.09178 -0.29617
   0.28398 -0.09161 -0.28518
   0.30355 -0.09119 -0.27319
   0.32376 -0.09053 -0.26081
   0.34456 -0.08964 -0.24826
   0.36585 -0.08853 -0.23592
   0.38753 -0.08722 -0.22443
   0.40949 -0.08572 -0.21523
   0.43166 -0.08401 -0.20412
   0.45406 -0.08209 -0.19178
   0.47670 -0.07997 -0.17872
   0.49957 -0.07766 -0.16532
   0.52267 -0.07517 -0.15193
   0.54599 -0.07251 -0.13884
   0.56950 -0.06971 -0.12635
   0.59319 -0.06675 -0.11476
   0.61704 -0.06367 -0.10475
   0.64102 -0.06046 -0.09612
   0.66512 -0.05714 -0.04606
   0.68929 -0.05372 -0.02530
   0.71352 -0.05020 -0.01342
   0.73776 -0.04659 -0.00142
   0.76197 -0.04292  0.01182
   0.78609 -0.03917  0.02628
   0.81005 -0.03538  0.04206
   0.83375 -0.03155  0.05916
   0.85704 -0.02771  0.07767
   0.87975 -0.02390  0.09796
   0.90165 -0.02015  0.12036
   0.92248 -0.01651  0.14525
   0.94199 -0.01304  0.17304
   0.95999 -0.00978  0.20473
   0.97635 -0.00676  0.24037
   0.99106 -0.00400  0.28438
   1.00000 -0.00231  0.30332
