NACA 2422                                       
 Alfa =  14.90000 Re =  1403455.750 Xflap,Yflap =     0.000000    0.000000
#    x        y        Cp  
   1.00000  0.00231  0.00026
   0.99137  0.00509 -0.00272
   0.97729  0.00956 -0.00757
   0.96181  0.01437 -0.01297
   0.94499  0.01950 -0.01896
   0.92694  0.02487 -0.02554
   0.90784  0.03042 -0.03269
   0.88788  0.03606 -0.04038
   0.86727  0.04174 -0.04857
   0.84618  0.04739 -0.05721
   0.82473  0.05297 -0.06624
   0.80303  0.05845 -0.07559
   0.78116  0.06380 -0.08513
   0.75918  0.06901 -0.09455
   0.73714  0.07406 -0.10270
   0.71508  0.07894 -0.10528
   0.69301  0.08364 -0.12727
   0.67097  0.08816 -0.17209
   0.64897  0.09249 -0.23350
   0.62705  0.09661 -0.30643
   0.60522  0.10053 -0.38607
   0.58349  0.10424 -0.46866
   0.56190  0.10772 -0.55221
   0.54046  0.11096 -0.63579
   0.51919  0.11397 -0.71930
   0.49813  0.11674 -0.80305
   0.47730  0.11925 -0.88752
   0.45673  0.12149 -0.97297
   0.43646  0.12347 -1.06029
   0.41654  0.12517 -1.14994
   0.39701  0.12659 -1.24536
   0.37792  0.12770 -1.34047
   0.35923  0.12848 -1.43328
   0.34092  0.12893 -1.52529
   0.32301  0.12908 -1.61750
   0.30550  0.12890 -1.70953
   0.28841  0.12842 -1.80118
   0.27176  0.12764 -1.89349
   0.25557  0.12656 -1.98516
   0.23988  0.12520 -2.07694
   0.22472  0.12357 -2.16727
   0.21012  0.12168 -2.25663
   0.19609  0.11957 -2.34463
   0.18267  0.11724 -2.42985
   0.16988  0.11472 -2.51082
   0.15772  0.11204 -2.58489
   0.14620  0.10922 -2.65615
   0.13533  0.10628 -2.74643
   0.12509  0.10326 -2.97821
   0.11546  0.10016 -3.05815
   0.10643  0.09700 -3.11632
   0.09797  0.09382 -3.17887
   0.09006  0.09060 -3.24470
   0.08267  0.08738 -3.31266
   0.07575  0.08416 -3.38135
   0.06930  0.08094 -3.45042
   0.06326  0.07773 -3.51845
   0.05763  0.07454 -3.58457
   0.05237  0.07136 -3.64880
   0.04746  0.06819 -3.70980
   0.04287  0.06505 -3.76830
   0.03859  0.06192 -3.82272
   0.03459  0.05880 -3.87014
   0.03086  0.05571 -3.91526
   0.02739  0.05262 -3.95085
   0.02417  0.04954 -3.97964
   0.02117  0.04648 -3.99911
   0.01840  0.04342 -4.00712
   0.01585  0.04038 -4.00215
   0.01350  0.03733 -3.98376
   0.01136  0.03430 -3.94631
   0.00941  0.03127 -3.89477
   0.00765  0.02825 -3.81768
   0.00609  0.02523 -3.72240
   0.00471  0.02223 -3.59883
   0.00352  0.01924 -3.45840
   0.00251  0.01627 -3.29165
   0.00168  0.01331 -3.09908
   0.00102  0.01039 -2.89443
   0.00053  0.00749 -2.66481
   0.00020  0.00463 -2.43225
   0.00003  0.00181 -2.18815
   0.00001 -0.00096 -1.94932
   0.00013 -0.00375 -1.70864
   0.00042 -0.00658 -1.45780
   0.00087 -0.00942 -1.20559
   0.00150 -0.01228 -0.95120
   0.00231 -0.01514 -0.70095
   0.00331 -0.01800 -0.45452
   0.00451 -0.02085 -0.22388
   0.00591 -0.02368 -0.00987
   0.00750 -0.02649  0.18416
   0.00930 -0.02926  0.35747
   0.01130 -0.03199  0.50626
   0.01351 -0.03469  0.63268
   0.01592 -0.03734  0.73622
   0.01853 -0.03995  0.82009
   0.02136 -0.04252  0.88471
   0.02440 -0.04504  0.93313
   0.02766 -0.04752  0.96677
   0.03115 -0.04996  0.98784
   0.03488 -0.05236  0.99821
   0.03885 -0.05473  0.99952
   0.04309 -0.05705  0.99316
   0.04761 -0.05934  0.98048
   0.05243 -0.06159  0.96232
   0.05756 -0.06381  0.94031
   0.06305 -0.06600  0.91426
   0.06891 -0.06815  0.88565
   0.07517 -0.07026  0.85466
   0.08188 -0.07233  0.82171
   0.08907 -0.07435  0.78766
   0.09679 -0.07633  0.75261
   0.10507 -0.07825  0.71682
   0.11399 -0.08011  0.68085
   0.12357 -0.08189  0.64453
   0.13389 -0.08358  0.60892
   0.14498 -0.08516  0.57350
   0.15689 -0.08662  0.53889
   0.16967 -0.08794  0.50554
   0.18334 -0.08910  0.47304
   0.19792 -0.09007  0.44233
   0.21341 -0.09084  0.41309
   0.22979 -0.09139  0.38582
   0.24705 -0.09171  0.36020
   0.26512 -0.09178  0.33665
   0.28398 -0.09161  0.31478
   0.30355 -0.09119  0.29461
   0.32376 -0.09053  0.27611
   0.34456 -0.08964  0.25901
   0.36585 -0.08853  0.24281
   0.38753 -0.08722  0.22730
   0.40949 -0.08572  0.21039
   0.43166 -0.08401  0.19652
   0.45406 -0.08209  0.18466
   0.47670 -0.07997  0.17427
   0.49957 -0.07766  0.16512
   0.52267 -0.07517  0.15687
   0.54599 -0.07251  0.14932
   0.56950 -0.06971  0.14236
   0.59319 -0.06675  0.13586
   0.61704 -0.06367  0.12962
   0.64102 -0.06046  0.12379
   0.66512 -0.05714  0.11792
   0.68929 -0.05372  0.11245
   0.71352 -0.05020  0.10675
   0.73776 -0.04659  0.10123
   0.76197 -0.04292  0.09564
   0.78609 -0.03917  0.08998
   0.81005 -0.03538  0.08429
   0.83375 -0.03155  0.07855
   0.85704 -0.02771  0.07273
   0.87975 -0.02390  0.06691
   0.90165 -0.02015  0.06121
   0.92248 -0.01651  0.05559
   0.94199 -0.01304  0.05015
   0.95999 -0.00978  0.04529
   0.97635 -0.00676  0.04014
   0.99106 -0.00400  0.04170
   1.00000 -0.00231  0.00026
