NACA 2422                                       
 Alfa =   3.40000 Re =  1403455.750 Xflap,Yflap =     0.000000    0.000000
#    x        y        Cp  
   1.00000  0.00231  0.29892
   0.99137  0.00509  0.28906
   0.97729  0.00956  0.26580
   0.96181  0.01437  0.23282
   0.94499  0.01950  0.19064
   0.92694  0.02487  0.14182
   0.90784  0.03042  0.08976
   0.88788  0.03606  0.03722
   0.86727  0.04174 -0.01391
   0.84618  0.04739 -0.06293
   0.82473  0.05297 -0.10972
   0.80303  0.05845 -0.15439
   0.78116  0.06380 -0.19748
   0.75918  0.06901 -0.23903
   0.73714  0.07406 -0.27944
   0.71508  0.07894 -0.31908
   0.69301  0.08364 -0.35805
   0.67097  0.08816 -0.39663
   0.64897  0.09249 -0.43492
   0.62705  0.09661 -0.47294
   0.60522  0.10053 -0.51106
   0.58349  0.10424 -0.54896
   0.56190  0.10772 -0.58701
   0.54046  0.11096 -0.62485
   0.51919  0.11397 -0.66246
   0.49813  0.11674 -0.69936
   0.47730  0.11925 -0.73524
   0.45673  0.12149 -0.76911
   0.43646  0.12347 -0.80454
   0.41654  0.12517 -0.87008
   0.39701  0.12659 -0.99205
   0.37792  0.12770 -1.01574
   0.35923  0.12848 -1.04248
   0.34092  0.12893 -1.07200
   0.32301  0.12908 -1.10345
   0.30550  0.12890 -1.13551
   0.28841  0.12842 -1.16698
   0.27176  0.12764 -1.19718
   0.25557  0.12656 -1.22524
   0.23988  0.12520 -1.25117
   0.22472  0.12357 -1.27431
   0.21012  0.12168 -1.29464
   0.19609  0.11957 -1.31223
   0.18267  0.11724 -1.32665
   0.16988  0.11472 -1.33782
   0.15772  0.11204 -1.34588
   0.14620  0.10922 -1.35033
   0.13533  0.10628 -1.35163
   0.12509  0.10326 -1.34983
   0.11546  0.10016 -1.34461
   0.10643  0.09700 -1.33653
   0.09797  0.09382 -1.32455
   0.09006  0.09060 -1.31017
   0.08267  0.08738 -1.29238
   0.07575  0.08416 -1.27083
   0.06930  0.08094 -1.24682
   0.06326  0.07773 -1.21925
   0.05763  0.07454 -1.18790
   0.05237  0.07136 -1.15299
   0.04746  0.06819 -1.11467
   0.04287  0.06505 -1.07223
   0.03859  0.06192 -1.02603
   0.03459  0.05880 -0.97432
   0.03086  0.05571 -0.91827
   0.02739  0.05262 -0.85742
   0.02417  0.04954 -0.79067
   0.02117  0.04648 -0.71869
   0.01840  0.04342 -0.64164
   0.01585  0.04038 -0.55700
   0.01350  0.03733 -0.46779
   0.01136  0.03430 -0.37160
   0.00941  0.03127 -0.27098
   0.00765  0.02825 -0.16473
   0.00609  0.02523 -0.05575
   0.00471  0.02223  0.05778
   0.00352  0.01924  0.17058
   0.00251  0.01627  0.28498
   0.00168  0.01331  0.39538
   0.00102  0.01039  0.50190
   0.00053  0.00749  0.60028
   0.00020  0.00463  0.68947
   0.00003  0.00181  0.77126
   0.00001 -0.00096  0.83903
   0.00013 -0.00375  0.89630
   0.00042 -0.00658  0.94275
   0.00087 -0.00942  0.97574
   0.00150 -0.01228  0.99513
   0.00231 -0.01514  0.99969
   0.00331 -0.01800  0.98954
   0.00451 -0.02085  0.96529
   0.00591 -0.02368  0.92830
   0.00750 -0.02649  0.88071
   0.00930 -0.02926  0.82406
   0.01130 -0.03199  0.76112
   0.01351 -0.03469  0.69375
   0.01592 -0.03734  0.62413
   0.01853 -0.03995  0.55387
   0.02136 -0.04252  0.48444
   0.02440 -0.04504  0.41629
   0.02766 -0.04752  0.35089
   0.03115 -0.04996  0.28804
   0.03488 -0.05236  0.22919
   0.03885 -0.05473  0.17350
   0.04309 -0.05705  0.12138
   0.04761 -0.05934  0.07272
   0.05243 -0.06159  0.02765
   0.05756 -0.06381 -0.01378
   0.06305 -0.06600 -0.05210
   0.06891 -0.06815 -0.08665
   0.07517 -0.07026 -0.11893
   0.08188 -0.07233 -0.14750
   0.08907 -0.07435 -0.17345
   0.09679 -0.07633 -0.19654
   0.10507 -0.07825 -0.21676
   0.11399 -0.08011 -0.23398
   0.12357 -0.08189 -0.24913
   0.13389 -0.08358 -0.26110
   0.14498 -0.08516 -0.27073
   0.15689 -0.08662 -0.27774
   0.16967 -0.08794 -0.28212
   0.18334 -0.08910 -0.28428
   0.19792 -0.09007 -0.28381
   0.21341 -0.09084 -0.28141
   0.22979 -0.09139 -0.27697
   0.24705 -0.09171 -0.27057
   0.26512 -0.09178 -0.26270
   0.28398 -0.09161 -0.25373
   0.30355 -0.09119 -0.24358
   0.32376 -0.09053 -0.23289
   0.34456 -0.08964 -0.22200
   0.36585 -0.08853 -0.21120
   0.38753 -0.08722 -0.20113
   0.40949 -0.08572 -0.19335
   0.43166 -0.08401 -0.18350
   0.45406 -0.08209 -0.17229
   0.47670 -0.07997 -0.16025
   0.49957 -0.07766 -0.14770
   0.52267 -0.07517 -0.13494
   0.54599 -0.07251 -0.12224
   0.56950 -0.06971 -0.10982
   0.59319 -0.06675 -0.09786
   0.61704 -0.06367 -0.08670
   0.64102 -0.06046 -0.07666
   0.66512 -0.05714 -0.06898
   0.68929 -0.05372 -0.03943
   0.71352 -0.05020 -0.00458
   0.73776 -0.04659  0.01046
   0.76197 -0.04292  0.02207
   0.78609 -0.03917  0.03450
   0.81005 -0.03538  0.04852
   0.83375 -0.03155  0.06410
   0.85704 -0.02771  0.08124
   0.87975 -0.02390  0.10026
   0.90165 -0.02015  0.12141
   0.92248 -0.01651  0.14504
   0.94199 -0.01304  0.17157
   0.95999 -0.00978  0.20207
   0.97635 -0.00676  0.23671
   0.99106 -0.00400  0.28076
   1.00000 -0.00231  0.29892
