NACA 2422                                       
 Alfa =  24.20000 Re =  1403455.750 Xflap,Yflap =     0.000000    0.000000
#    x        y        Cp  
   1.00000  0.00231 -0.29904
   0.99137  0.00509 -0.30094
   0.97729  0.00956 -0.30405
   0.96181  0.01437 -0.30752
   0.94499  0.01950 -0.31136
   0.92694  0.02487 -0.31559
   0.90784  0.03042 -0.32018
   0.88788  0.03606 -0.32514
   0.86727  0.04174 -0.33043
   0.84618  0.04739 -0.33606
   0.82473  0.05297 -0.34201
   0.80303  0.05845 -0.34829
   0.78116  0.06380 -0.35491
   0.75918  0.06901 -0.36188
   0.73714  0.07406 -0.36924
   0.71508  0.07894 -0.37699
   0.69301  0.08364 -0.38518
   0.67097  0.08816 -0.39384
   0.64897  0.09249 -0.40301
   0.62705  0.09661 -0.41274
   0.60522  0.10053 -0.42307
   0.58349  0.10424 -0.43407
   0.56190  0.10772 -0.44580
   0.54046  0.11096 -0.45831
   0.51919  0.11397 -0.47168
   0.49813  0.11674 -0.48597
   0.47730  0.11925 -0.50123
   0.45673  0.12149 -0.51752
   0.43646  0.12347 -0.53484
   0.41654  0.12517 -0.55320
   0.39701  0.12659 -0.57255
   0.37792  0.12770 -0.59284
   0.35923  0.12848 -0.61414
   0.34092  0.12893 -0.63650
   0.32301  0.12908 -0.65999
   0.30550  0.12890 -0.68447
   0.28841  0.12842 -0.70889
   0.27176  0.12764 -0.72347
   0.25557  0.12656 -0.80537
   0.23988  0.12520 -0.97688
   0.22472  0.12357 -1.18607
   0.21012  0.12168 -1.39701
   0.19609  0.11957 -1.59787
   0.18267  0.11724 -1.78617
   0.16988  0.11472 -1.96551
   0.15772  0.11204 -2.13627
   0.14620  0.10922 -2.30190
   0.13533  0.10628 -2.46211
   0.12509  0.10326 -2.61895
   0.11546  0.10016 -2.77129
   0.10643  0.09700 -2.92128
   0.09797  0.09382 -3.06562
   0.09006  0.09060 -3.20775
   0.08267  0.08738 -3.34248
   0.07575  0.08416 -3.46900
   0.06930  0.08094 -3.58476
   0.06326  0.07773 -3.70470
   0.05763  0.07454 -3.96964
   0.05237  0.07136 -4.39118
   0.04746  0.06819 -4.46250
   0.04287  0.06505 -4.53644
   0.03859  0.06192 -4.61751
   0.03459  0.05880 -4.70842
   0.03086  0.05571 -4.81115
   0.02739  0.05262 -4.92134
   0.02417  0.04954 -5.03356
   0.02117  0.04648 -5.14139
   0.01840  0.04342 -5.24075
   0.01585  0.04038 -5.32895
   0.01350  0.03733 -5.40125
   0.01136  0.03430 -5.45769
   0.00941  0.03127 -5.49075
   0.00765  0.02825 -5.49890
   0.00609  0.02523 -5.47916
   0.00471  0.02223 -5.43063
   0.00352  0.01924 -5.34655
   0.00251  0.01627 -5.22880
   0.00168  0.01331 -5.07997
   0.00102  0.01039 -4.89395
   0.00053  0.00749 -4.68428
   0.00020  0.00463 -4.44407
   0.00003  0.00181 -4.18846
   0.00001 -0.00096 -3.92285
   0.00013 -0.00375 -3.65139
   0.00042 -0.00658 -3.35995
   0.00087 -0.00942 -3.04865
   0.00150 -0.01228 -2.72049
   0.00231 -0.01514 -2.38180
   0.00331 -0.01800 -2.04009
   0.00451 -0.02085 -1.69405
   0.00591 -0.02368 -1.36206
   0.00750 -0.02649 -1.04549
   0.00930 -0.02926 -0.74908
   0.01130 -0.03199 -0.47534
   0.01351 -0.03469 -0.23016
   0.01592 -0.03734 -0.01231
   0.01853 -0.03995  0.18042
   0.02136 -0.04252  0.34659
   0.02440 -0.04504  0.48778
   0.02766 -0.04752  0.60724
   0.03115 -0.04996  0.70632
   0.03488 -0.05236  0.78778
   0.03885 -0.05473  0.85217
   0.04309 -0.05705  0.90372
   0.04761 -0.05934  0.94164
   0.05243 -0.06159  0.96953
   0.05756 -0.06381  0.98760
   0.06305 -0.06600  0.99737
   0.06891 -0.06815  0.99996
   0.07517 -0.07026  0.99620
   0.08188 -0.07233  0.98704
   0.08907 -0.07435  0.97313
   0.09679 -0.07633  0.95486
   0.10507 -0.07825  0.93323
   0.11399 -0.08011  0.90835
   0.12357 -0.08189  0.88105
   0.13389 -0.08358  0.85145
   0.14498 -0.08516  0.82021
   0.15689 -0.08662  0.78743
   0.16967 -0.08794  0.75395
   0.18334 -0.08910  0.71984
   0.19792 -0.09007  0.68557
   0.21341 -0.09084  0.65159
   0.22979 -0.09139  0.61798
   0.24705 -0.09171  0.58514
   0.26512 -0.09178  0.55334
   0.28398 -0.09161  0.52261
   0.30355 -0.09119  0.49287
   0.32376 -0.09053  0.46453
   0.34456 -0.08964  0.43699
   0.36585 -0.08853  0.41046
   0.38753 -0.08722  0.38438
   0.40949 -0.08572  0.35718
   0.43166 -0.08401  0.33256
   0.45406 -0.08209  0.30974
   0.47670 -0.07997  0.28824
   0.49957 -0.07766  0.26778
   0.52267 -0.07517  0.24804
   0.54599 -0.07251  0.22894
   0.56950 -0.06971  0.21016
   0.59319 -0.06675  0.19188
   0.61704 -0.06367  0.17349
   0.64102 -0.06046  0.15542
   0.66512 -0.05714  0.13701
   0.68929 -0.05372  0.11869
   0.71352 -0.05020  0.09970
   0.73776 -0.04659  0.08050
   0.76197 -0.04292  0.06070
   0.78609 -0.03917  0.04024
   0.81005 -0.03538  0.01903
   0.83375 -0.03155 -0.00294
   0.85704 -0.02771 -0.02584
   0.87975 -0.02390 -0.04958
   0.90165 -0.02015 -0.07406
   0.92248 -0.01651 -0.09946
   0.94199 -0.01304 -0.12522
   0.95999 -0.00978 -0.15116
   0.97635 -0.00676 -0.17906
   0.99106 -0.00400 -0.19242
   1.00000 -0.00231 -0.29904
