NACA 2415                                       
 Alfa =  -8.91667 Re =    43060.563 Xflap,Yflap =     0.000000    0.000000
#    x        y        Cp  
   1.00000  0.00157 -0.16787
   0.99318  0.00326 -0.17025
   0.98173  0.00600 -0.17492
   0.96880  0.00906 -0.18043
   0.95446  0.01238 -0.18630
   0.93889  0.01591 -0.19260
   0.92241  0.01956 -0.19916
   0.90530  0.02327 -0.20573
   0.88776  0.02697 -0.21209
   0.86990  0.03064 -0.21824
   0.85186  0.03426 -0.22423
   0.83372  0.03780 -0.22997
   0.81551  0.04126 -0.23536
   0.79724  0.04464 -0.24043
   0.77892  0.04793 -0.24527
   0.76059  0.05113 -0.24988
   0.74224  0.05423 -0.25419
   0.72388  0.05724 -0.25823
   0.70551  0.06016 -0.26202
   0.68713  0.06297 -0.26564
   0.66875  0.06569 -0.26900
   0.65038  0.06831 -0.27219
   0.63203  0.07083 -0.27513
   0.61369  0.07324 -0.27785
   0.59536  0.07554 -0.28033
   0.57704  0.07773 -0.28259
   0.55874  0.07980 -0.28468
   0.54048  0.08177 -0.28662
   0.52226  0.08361 -0.28831
   0.50409  0.08532 -0.28971
   0.48596  0.08690 -0.29085
   0.46787  0.08835 -0.29174
   0.44982  0.08966 -0.29254
   0.43188  0.09084 -0.29333
   0.41408  0.09185 -0.29362
   0.39645  0.09270 -0.29284
   0.37898  0.09336 -0.29061
   0.36163  0.09382 -0.28673
   0.34440  0.09409 -0.28109
   0.32729  0.09415 -0.27355
   0.31030  0.09400 -0.26406
   0.29344  0.09362 -0.25257
   0.27672  0.09303 -0.23897
   0.26016  0.09221 -0.22312
   0.24379  0.09116 -0.20515
   0.22763  0.08988 -0.18471
   0.21174  0.08836 -0.16154
   0.19615  0.08660 -0.13532
   0.18090  0.08460 -0.10608
   0.16606  0.08238 -0.07368
   0.15171  0.07995 -0.03831
   0.13796  0.07734  0.00025
   0.12489  0.07456  0.04230
   0.11257  0.07165  0.08749
   0.10108  0.06865  0.13542
   0.09046  0.06560  0.18520
   0.08074  0.06256  0.23660
   0.07191  0.05954  0.28964
   0.06392  0.05658  0.34372
   0.05672  0.05368  0.39855
   0.05024  0.05086  0.45398
   0.04440  0.04812  0.50993
   0.03913  0.04546  0.56530
   0.03438  0.04287  0.61972
   0.03008  0.04035  0.67403
   0.02620  0.03789  0.72799
   0.02268  0.03549  0.77975
   0.01949  0.03313  0.82889
   0.01660  0.03082  0.87495
   0.01398  0.02853  0.91683
   0.01163  0.02626  0.95285
   0.00950  0.02401  0.98007
   0.00760  0.02178  0.99682
   0.00592  0.01956  0.99893
   0.00445  0.01734  0.98333
   0.00319  0.01514  0.94528
   0.00215  0.01295  0.88243
   0.00131  0.01077  0.79211
   0.00067  0.00859  0.67593
   0.00023  0.00644  0.53207
  -0.00003  0.00431  0.36474
  -0.00011  0.00221  0.17533
  -0.00001  0.00013 -0.02917
   0.00028 -0.00195 -0.23282
   0.00077 -0.00403 -0.43003
   0.00145 -0.00612 -0.61660
   0.00233 -0.00822 -0.78890
   0.00343 -0.01032 -0.94457
   0.00476 -0.01241 -1.06840
   0.00631 -0.01448 -1.15302
   0.00810 -0.01651 -1.19974
   0.01013 -0.01851 -1.21348
   0.01238 -0.02046 -1.20189
   0.01485 -0.02238 -1.17271
   0.01757 -0.02427 -1.13037
   0.02054 -0.02613 -1.07705
   0.02380 -0.02797 -1.01729
   0.02739 -0.02980 -0.95675
   0.03132 -0.03162 -0.90091
   0.03564 -0.03344 -0.85255
   0.04040 -0.03525 -0.81197
   0.04564 -0.03706 -0.77999
   0.05143 -0.03886 -0.75574
   0.05784 -0.04067 -0.73760
   0.06495 -0.04246 -0.72410
   0.07287 -0.04424 -0.71407
   0.08166 -0.04599 -0.70658
   0.09140 -0.04769 -0.70096
   0.10214 -0.04932 -0.69666
   0.11390 -0.05084 -0.69329
   0.12665 -0.05224 -0.69054
   0.14035 -0.05348 -0.68820
   0.15491 -0.05455 -0.68616
   0.17020 -0.05543 -0.68430
   0.18612 -0.05611 -0.68258
   0.20258 -0.05661 -0.68094
   0.21948 -0.05692 -0.67937
   0.23676 -0.05705 -0.67785
   0.25434 -0.05702 -0.67637
   0.27219 -0.05684 -0.67492
   0.29027 -0.05652 -0.67350
   0.30856 -0.05607 -0.67210
   0.32702 -0.05552 -0.67072
   0.34565 -0.05486 -0.66935
   0.36440 -0.05413 -0.66799
   0.38322 -0.05331 -0.66665
   0.40208 -0.05243 -0.66532
   0.42093 -0.05149 -0.66399
   0.43976 -0.05047 -0.66266
   0.45859 -0.04936 -0.60430
   0.47746 -0.04818 -0.55974
   0.49642 -0.04692 -0.52509
   0.51544 -0.04560 -0.49577
   0.53452 -0.04423 -0.47009
   0.55364 -0.04280 -0.44730
   0.57279 -0.04132 -0.42648
   0.59199 -0.03979 -0.40727
   0.61123 -0.03823 -0.38938
   0.63052 -0.03663 -0.37262
   0.64985 -0.03499 -0.35685
   0.66919 -0.03334 -0.34196
   0.68854 -0.03165 -0.32787
   0.70789 -0.02994 -0.31449
   0.72725 -0.02821 -0.30174
   0.74664 -0.02645 -0.28957
   0.76603 -0.02467 -0.27793
   0.78541 -0.02287 -0.26679
   0.80477 -0.02106 -0.25613
   0.82409 -0.01923 -0.24591
   0.84336 -0.01739 -0.23610
   0.86253 -0.01554 -0.22670
   0.88153 -0.01368 -0.21772
   0.90022 -0.01184 -0.20918
   0.91844 -0.01002 -0.20112
   0.93595 -0.00824 -0.19361
   0.95244 -0.00655 -0.18674
   0.96758 -0.00498 -0.18059
   0.98112 -0.00357 -0.17520
   0.99298 -0.00231 -0.17058
   1.00000 -0.00157 -0.16787
