NACA 2415                                       
 Alfa =  17.60000 Re =   617520.500 Xflap,Yflap =     0.000000    0.000000
#    x        y        Cp  
   1.00000  0.00157 -0.20019
   0.99318  0.00326 -0.20226
   0.98173  0.00600 -0.20577
   0.96880  0.00906 -0.20978
   0.95446  0.01238 -0.21432
   0.93889  0.01591 -0.21934
   0.92241  0.01956 -0.22478
   0.90530  0.02327 -0.23058
   0.88776  0.02697 -0.23668
   0.86990  0.03064 -0.24308
   0.85186  0.03426 -0.24973
   0.83372  0.03780 -0.25662
   0.81551  0.04126 -0.26376
   0.79724  0.04464 -0.27115
   0.77892  0.04793 -0.27879
   0.76059  0.05113 -0.28669
   0.74224  0.05423 -0.29486
   0.72388  0.05724 -0.30330
   0.70551  0.06016 -0.31204
   0.68713  0.06297 -0.32107
   0.66875  0.06569 -0.33043
   0.65038  0.06831 -0.34010
   0.63203  0.07083 -0.35011
   0.61369  0.07324 -0.36044
   0.59536  0.07554 -0.37111
   0.57704  0.07773 -0.38211
   0.55874  0.07980 -0.39341
   0.54048  0.08177 -0.40499
   0.52226  0.08361 -0.41676
   0.50409  0.08532 -0.42858
   0.48596  0.08690 -0.43999
   0.46787  0.08835 -0.44955
   0.44982  0.08966 -0.45611
   0.43188  0.09084 -0.48512
   0.41408  0.09185 -0.53219
   0.39645  0.09270 -0.59514
   0.37898  0.09336 -0.67092
   0.36163  0.09382 -0.75593
   0.34440  0.09409 -0.84708
   0.32729  0.09415 -0.94159
   0.31030  0.09400 -1.03782
   0.29344  0.09362 -1.13509
   0.27672  0.09303 -1.23328
   0.26016  0.09221 -1.33272
   0.24379  0.09116 -1.43409
   0.22763  0.08988 -1.53824
   0.21174  0.08836 -1.64521
   0.19615  0.08660 -1.75540
   0.18090  0.08460 -1.86963
   0.16606  0.08238 -1.98860
   0.15171  0.07995 -2.11419
   0.13796  0.07734 -2.24642
   0.12489  0.07456 -2.38317
   0.11257  0.07165 -2.52656
   0.10108  0.06865 -2.67398
   0.09046  0.06560 -2.82700
   0.08074  0.06256 -2.98870
   0.07191  0.05954 -3.15098
   0.06392  0.05658 -3.31108
   0.05672  0.05368 -3.46979
   0.05024  0.05086 -3.61948
   0.04440  0.04812 -3.76625
   0.03913  0.04546 -4.00586
   0.03438  0.04287 -4.66362
   0.03008  0.04035 -5.32008
   0.02620  0.03789 -5.38502
   0.02268  0.03549 -5.44764
   0.01949  0.03313 -5.51895
   0.01660  0.03082 -5.61137
   0.01398  0.02853 -5.73657
   0.01163  0.02626 -5.89579
   0.00950  0.02401 -6.08837
   0.00760  0.02178 -6.30117
   0.00592  0.01956 -6.51476
   0.00445  0.01734 -6.69149
   0.00319  0.01514 -6.80317
   0.00215  0.01295 -6.81553
   0.00131  0.01077 -6.70988
   0.00067  0.00859 -6.49706
   0.00023  0.00644 -6.21932
  -0.00003  0.00431 -5.87056
  -0.00011  0.00221 -5.46384
  -0.00001  0.00013 -4.96874
   0.00028 -0.00195 -4.37477
   0.00077 -0.00403 -3.73743
   0.00145 -0.00612 -3.11839
   0.00233 -0.00822 -2.51374
   0.00343 -0.01032 -1.94763
   0.00476 -0.01241 -1.41497
   0.00631 -0.01448 -0.92718
   0.00810 -0.01651 -0.50442
   0.01013 -0.01851 -0.14817
   0.01238 -0.02046  0.13990
   0.01485 -0.02238  0.36616
   0.01757 -0.02427  0.54567
   0.02054 -0.02613  0.68579
   0.02380 -0.02797  0.79373
   0.02739 -0.02980  0.87373
   0.03132 -0.03162  0.93025
   0.03564 -0.03344  0.96814
   0.04040 -0.03525  0.99037
   0.04564 -0.03706  0.99946
   0.05143 -0.03886  0.99779
   0.05784 -0.04067  0.98701
   0.06495 -0.04246  0.96895
   0.07287 -0.04424  0.94464
   0.08166 -0.04599  0.91523
   0.09140 -0.04769  0.88219
   0.10214 -0.04932  0.84627
   0.11390 -0.05084  0.80885
   0.12665 -0.05224  0.77090
   0.14035 -0.05348  0.73315
   0.15491 -0.05455  0.69627
   0.17020 -0.05543  0.66108
   0.18612 -0.05611  0.62780
   0.20258 -0.05661  0.59674
   0.21948 -0.05692  0.56766
   0.23676 -0.05705  0.54050
   0.25434 -0.05702  0.51560
   0.27219 -0.05684  0.49222
   0.29027 -0.05652  0.47054
   0.30856 -0.05607  0.45037
   0.32702 -0.05552  0.43126
   0.34565 -0.05486  0.41309
   0.36440 -0.05413  0.39545
   0.38322 -0.05331  0.37811
   0.40208 -0.05243  0.36133
   0.42093 -0.05149  0.34455
   0.43976 -0.05047  0.32861
   0.45859 -0.04936  0.31395
   0.47746 -0.04818  0.30058
   0.49642 -0.04692  0.28781
   0.51544 -0.04560  0.27550
   0.53452 -0.04423  0.26343
   0.55364 -0.04280  0.25184
   0.57279 -0.04132  0.24034
   0.59199 -0.03979  0.22903
   0.61123 -0.03823  0.21812
   0.63052 -0.03663  0.20701
   0.64985 -0.03499  0.19601
   0.66919 -0.03334  0.18444
   0.68854 -0.03165  0.17291
   0.70789 -0.02994  0.16111
   0.72725 -0.02821  0.14952
   0.74664 -0.02645  0.13746
   0.76603 -0.02467  0.12496
   0.78541 -0.02287  0.11174
   0.80477 -0.02106  0.09816
   0.82409 -0.01923  0.08412
   0.84336 -0.01739  0.06927
   0.86253 -0.01554  0.05344
   0.88153 -0.01368  0.03625
   0.90022 -0.01184  0.01780
   0.91844 -0.01002 -0.00166
   0.93595 -0.00824 -0.02247
   0.95244 -0.00655 -0.04494
   0.96758 -0.00498 -0.06870
   0.98112 -0.00357 -0.09791
   0.99298 -0.00231 -0.12249
   1.00000 -0.00157 -0.20019
