NACA 2415                                       
 Alfa =  20.90000 Re =   370512.313 Xflap,Yflap =     0.000000    0.000000
#    x        y        Cp  
   1.00000  0.00157 -0.32004
   0.99318  0.00326 -0.32159
   0.98173  0.00600 -0.32422
   0.96880  0.00906 -0.32721
   0.95446  0.01238 -0.33058
   0.93889  0.01591 -0.33429
   0.92241  0.01956 -0.33828
   0.90530  0.02327 -0.34251
   0.88776  0.02697 -0.34693
   0.86990  0.03064 -0.35153
   0.85186  0.03426 -0.35629
   0.83372  0.03780 -0.36118
   0.81551  0.04126 -0.36621
   0.79724  0.04464 -0.37139
   0.77892  0.04793 -0.37670
   0.76059  0.05113 -0.38215
   0.74224  0.05423 -0.38774
   0.72388  0.05724 -0.39348
   0.70551  0.06016 -0.39937
   0.68713  0.06297 -0.40541
   0.66875  0.06569 -0.41161
   0.65038  0.06831 -0.41796
   0.63203  0.07083 -0.42446
   0.61369  0.07324 -0.43113
   0.59536  0.07554 -0.43796
   0.57704  0.07773 -0.44495
   0.55874  0.07980 -0.45211
   0.54048  0.08177 -0.45944
   0.52226  0.08361 -0.46693
   0.50409  0.08532 -0.47459
   0.48596  0.08690 -0.48244
   0.46787  0.08835 -0.49051
   0.44982  0.08966 -0.49880
   0.43188  0.09084 -0.50734
   0.41408  0.09185 -0.51611
   0.39645  0.09270 -0.52512
   0.37898  0.09336 -0.53441
   0.36163  0.09382 -0.54396
   0.34440  0.09409 -0.55360
   0.32729  0.09415 -0.56266
   0.31030  0.09400 -0.56859
   0.29344  0.09362 -0.58129
   0.27672  0.09303 -0.62633
   0.26016  0.09221 -0.69828
   0.24379  0.09116 -0.79530
   0.22763  0.08988 -0.91321
   0.21174  0.08836 -1.04651
   0.19615  0.08660 -1.18991
   0.18090  0.08460 -1.33994
   0.16606  0.08238 -1.49393
   0.15171  0.07995 -1.65236
   0.13796  0.07734 -1.81464
   0.12489  0.07456 -1.97936
   0.11257  0.07165 -2.14776
   0.10108  0.06865 -2.31892
   0.09046  0.06560 -2.49271
   0.08074  0.06256 -2.67103
   0.07191  0.05954 -2.84864
   0.06392  0.05658 -3.02233
   0.05672  0.05368 -3.19668
   0.05024  0.05086 -3.38261
   0.04440  0.04812 -3.63830
   0.03913  0.04546 -4.11208
   0.03438  0.04287 -4.94857
   0.03008  0.04035 -5.57901
   0.02620  0.03789 -5.61840
   0.02268  0.03549 -5.65387
   0.01949  0.03313 -5.69128
   0.01660  0.03082 -5.73763
   0.01398  0.02853 -5.80225
   0.01163  0.02626 -5.89735
   0.00950  0.02401 -6.03561
   0.00760  0.02178 -6.21952
   0.00592  0.01956 -6.45143
   0.00445  0.01734 -6.68913
   0.00319  0.01514 -6.87563
   0.00215  0.01295 -6.96610
   0.00131  0.01077 -6.93020
   0.00067  0.00859 -6.78478
   0.00023  0.00644 -6.55651
  -0.00003  0.00431 -6.25668
  -0.00011  0.00221 -5.87610
  -0.00001  0.00013 -5.40354
   0.00028 -0.00195 -4.81626
   0.00077 -0.00403 -4.18408
   0.00145 -0.00612 -3.54256
   0.00233 -0.00822 -2.92763
   0.00343 -0.01032 -2.33166
   0.00476 -0.01241 -1.76777
   0.00631 -0.01448 -1.24484
   0.00810 -0.01651 -0.78125
   0.01013 -0.01851 -0.38981
   0.01238 -0.02046 -0.06563
   0.01485 -0.02238  0.19247
   0.01757 -0.02427  0.40002
   0.02054 -0.02613  0.56763
   0.02380 -0.02797  0.69875
   0.02739 -0.02980  0.80046
   0.03132 -0.03162  0.87569
   0.03564 -0.03344  0.93051
   0.04040 -0.03525  0.96740
   0.04564 -0.03706  0.98951
   0.05143 -0.03886  0.99915
   0.05784 -0.04067  0.99833
   0.06495 -0.04246  0.98865
   0.07287 -0.04424  0.97167
   0.08166 -0.04599  0.94819
   0.09140 -0.04769  0.91999
   0.10214 -0.04932  0.88782
   0.11390 -0.05084  0.85334
   0.12665 -0.05224  0.81712
   0.14035 -0.05348  0.78035
   0.15491 -0.05455  0.74396
   0.17020 -0.05543  0.70857
   0.18612 -0.05611  0.67463
   0.20258 -0.05661  0.64237
   0.21948 -0.05692  0.61178
   0.23676 -0.05705  0.58312
   0.25434 -0.05702  0.55633
   0.27219 -0.05684  0.53094
   0.29027 -0.05652  0.50726
   0.30856 -0.05607  0.48484
   0.32702 -0.05552  0.46347
   0.34565 -0.05486  0.44309
   0.36440 -0.05413  0.42305
   0.38322 -0.05331  0.40347
   0.40208 -0.05243  0.38430
   0.42093 -0.05149  0.36526
   0.43976 -0.05047  0.34688
   0.45859 -0.04936  0.32973
   0.47746 -0.04818  0.31382
   0.49642 -0.04692  0.29847
   0.51544 -0.04560  0.28357
   0.53452 -0.04423  0.26885
   0.55364 -0.04280  0.25458
   0.57279 -0.04132  0.24032
   0.59199 -0.03979  0.22627
   0.61123 -0.03823  0.21249
   0.63052 -0.03663  0.19847
   0.64985 -0.03499  0.18445
   0.66919 -0.03334  0.16987
   0.68854 -0.03165  0.15517
   0.70789 -0.02994  0.14011
   0.72725 -0.02821  0.12512
   0.74664 -0.02645  0.10953
   0.76603 -0.02467  0.09338
   0.78541 -0.02287  0.07629
   0.80477 -0.02106  0.05869
   0.82409 -0.01923  0.04036
   0.84336 -0.01739  0.02100
   0.86253 -0.01554  0.00037
   0.88153 -0.01368 -0.02201
   0.90022 -0.01184 -0.04597
   0.91844 -0.01002 -0.07138
   0.93595 -0.00824 -0.09853
   0.95244 -0.00655 -0.12779
   0.96758 -0.00498 -0.15887
   0.98112 -0.00357 -0.19618
   0.99298 -0.00231 -0.22974
   1.00000 -0.00157 -0.32004
