NACA 2415                                       
 Alfa =  17.30000 Re =   463140.375 Xflap,Yflap =     0.000000    0.000000
#    x        y        Cp  
   1.00000  0.00157 -0.20467
   0.99318  0.00326 -0.20666
   0.98173  0.00600 -0.21004
   0.96880  0.00906 -0.21389
   0.95446  0.01238 -0.21824
   0.93889  0.01591 -0.22304
   0.92241  0.01956 -0.22824
   0.90530  0.02327 -0.23376
   0.88776  0.02697 -0.23956
   0.86990  0.03064 -0.24562
   0.85186  0.03426 -0.25190
   0.83372  0.03780 -0.25839
   0.81551  0.04126 -0.26509
   0.79724  0.04464 -0.27200
   0.77892  0.04793 -0.27912
   0.76059  0.05113 -0.28645
   0.74224  0.05423 -0.29400
   0.72388  0.05724 -0.30178
   0.70551  0.06016 -0.30980
   0.68713  0.06297 -0.31807
   0.66875  0.06569 -0.32658
   0.65038  0.06831 -0.33536
   0.63203  0.07083 -0.34440
   0.61369  0.07324 -0.35370
   0.59536  0.07554 -0.36327
   0.57704  0.07773 -0.37308
   0.55874  0.07980 -0.38314
   0.54048  0.08177 -0.39339
   0.52226  0.08361 -0.40376
   0.50409  0.08532 -0.41406
   0.48596  0.08690 -0.42378
   0.46787  0.08835 -0.43134
   0.44982  0.08966 -0.43903
   0.43188  0.09084 -0.46807
   0.41408  0.09185 -0.51316
   0.39645  0.09270 -0.57296
   0.37898  0.09336 -0.64498
   0.36163  0.09382 -0.72624
   0.34440  0.09409 -0.81397
   0.32729  0.09415 -0.90551
   0.31030  0.09400 -0.99920
   0.29344  0.09362 -1.09421
   0.27672  0.09303 -1.19031
   0.26016  0.09221 -1.28748
   0.24379  0.09116 -1.38665
   0.22763  0.08988 -1.48818
   0.21174  0.08836 -1.59239
   0.19615  0.08660 -1.69949
   0.18090  0.08460 -1.81027
   0.16606  0.08238 -1.92507
   0.15171  0.07995 -2.04607
   0.13796  0.07734 -2.17321
   0.12489  0.07456 -2.30355
   0.11257  0.07165 -2.43985
   0.10108  0.06865 -2.57942
   0.09046  0.06560 -2.72192
   0.08074  0.06256 -2.87045
   0.07191  0.05954 -3.01683
   0.06392  0.05658 -3.15480
   0.05672  0.05368 -3.29087
   0.05024  0.05086 -3.44171
   0.04440  0.04812 -3.74173
   0.03913  0.04546 -4.47546
   0.03438  0.04287 -4.97169
   0.03008  0.04035 -5.02507
   0.02620  0.03789 -5.07632
   0.02268  0.03549 -5.13319
   0.01949  0.03313 -5.20351
   0.01660  0.03082 -5.29805
   0.01398  0.02853 -5.42502
   0.01163  0.02626 -5.58347
   0.00950  0.02401 -5.77106
   0.00760  0.02178 -5.97361
   0.00592  0.01956 -6.17120
   0.00445  0.01734 -6.33319
   0.00319  0.01514 -6.42723
   0.00215  0.01295 -6.43151
   0.00131  0.01077 -6.31628
   0.00067  0.00859 -6.10606
   0.00023  0.00644 -5.82650
  -0.00003  0.00431 -5.49112
  -0.00011  0.00221 -5.08845
  -0.00001  0.00013 -4.60812
   0.00028 -0.00195 -4.03685
   0.00077 -0.00403 -3.42482
   0.00145 -0.00612 -2.83016
   0.00233 -0.00822 -2.25800
   0.00343 -0.01032 -1.72052
   0.00476 -0.01241 -1.21465
   0.00631 -0.01448 -0.75813
   0.00810 -0.01651 -0.35924
   0.01013 -0.01851 -0.02984
   0.01238 -0.02046  0.23682
   0.01485 -0.02238  0.44600
   0.01757 -0.02427  0.60837
   0.02054 -0.02613  0.73587
   0.02380 -0.02797  0.83193
   0.02739 -0.02980  0.90158
   0.03132 -0.03162  0.94953
   0.03564 -0.03344  0.98026
   0.04040 -0.03525  0.99606
   0.04564 -0.03706  0.99989
   0.05143 -0.03886  0.99369
   0.05784 -0.04067  0.97927
   0.06495 -0.04246  0.95786
   0.07287 -0.04424  0.93113
   0.08166 -0.04599  0.89960
   0.09140 -0.04769  0.86472
   0.10214 -0.04932  0.82772
   0.11390 -0.05084  0.78938
   0.12665 -0.05224  0.75065
   0.14035 -0.05348  0.71260
   0.15491 -0.05455  0.67553
   0.17020 -0.05543  0.64025
   0.18612 -0.05611  0.60724
   0.20258 -0.05661  0.57624
   0.21948 -0.05692  0.54736
   0.23676 -0.05705  0.52058
   0.25434 -0.05702  0.49596
   0.27219 -0.05684  0.47294
   0.29027 -0.05652  0.45164
   0.30856 -0.05607  0.43180
   0.32702 -0.05552  0.41302
   0.34565 -0.05486  0.39528
   0.36440 -0.05413  0.37784
   0.38322 -0.05331  0.36095
   0.40208 -0.05243  0.34434
   0.42093 -0.05149  0.32793
   0.43976 -0.05047  0.31240
   0.45859 -0.04936  0.29785
   0.47746 -0.04818  0.28483
   0.49642 -0.04692  0.27226
   0.51544 -0.04560  0.26025
   0.53452 -0.04423  0.24847
   0.55364 -0.04280  0.23713
   0.57279 -0.04132  0.22586
   0.59199 -0.03979  0.21485
   0.61123 -0.03823  0.20416
   0.63052 -0.03663  0.19331
   0.64985 -0.03499  0.18250
   0.66919 -0.03334  0.17123
   0.68854 -0.03165  0.15990
   0.70789 -0.02994  0.14836
   0.72725 -0.02821  0.13693
   0.74664 -0.02645  0.12513
   0.76603 -0.02467  0.11283
   0.78541 -0.02287  0.09981
   0.80477 -0.02106  0.08647
   0.82409 -0.01923  0.07263
   0.84336 -0.01739  0.05794
   0.86253 -0.01554  0.04241
   0.88153 -0.01368  0.02539
   0.90022 -0.01184  0.00719
   0.91844 -0.01002 -0.01195
   0.93595 -0.00824 -0.03256
   0.95244 -0.00655 -0.05478
   0.96758 -0.00498 -0.07829
   0.98112 -0.00357 -0.10704
   0.99298 -0.00231 -0.13215
   1.00000 -0.00157 -0.20467
