NACA 2415                                       
 Alfa =  -2.80000 Re =   308760.250 Xflap,Yflap =     0.000000    0.000000
#    x        y        Cp  
   1.00000  0.00157  0.23654
   0.99318  0.00326  0.21678
   0.98173  0.00600  0.18490
   0.96880  0.00906  0.15196
   0.95446  0.01238  0.12119
   0.93889  0.01591  0.09115
   0.92241  0.01956  0.05963
   0.90530  0.02327  0.02046
   0.88776  0.02697 -0.03645
   0.86990  0.03064 -0.11746
   0.85186  0.03426 -0.16339
   0.83372  0.03780 -0.16854
   0.81551  0.04126 -0.17365
   0.79724  0.04464 -0.17893
   0.77892  0.04793 -0.18458
   0.76059  0.05113 -0.19073
   0.74224  0.05423 -0.19751
   0.72388  0.05724 -0.20493
   0.70551  0.06016 -0.21298
   0.68713  0.06297 -0.22177
   0.66875  0.06569 -0.23136
   0.65038  0.06831 -0.24169
   0.63203  0.07083 -0.25264
   0.61369  0.07324 -0.26400
   0.59536  0.07554 -0.27561
   0.57704  0.07773 -0.28734
   0.55874  0.07980 -0.29912
   0.54048  0.08177 -0.31093
   0.52226  0.08361 -0.32268
   0.50409  0.08532 -0.33423
   0.48596  0.08690 -0.34567
   0.46787  0.08835 -0.35702
   0.44982  0.08966 -0.36854
   0.43188  0.09084 -0.38041
   0.41408  0.09185 -0.39228
   0.39645  0.09270 -0.40336
   0.37898  0.09336 -0.41309
   0.36163  0.09382 -0.42137
   0.34440  0.09409 -0.42814
   0.32729  0.09415 -0.43303
   0.31030  0.09400 -0.43622
   0.29344  0.09362 -0.43761
   0.27672  0.09303 -0.43705
   0.26016  0.09221 -0.43457
   0.24379  0.09116 -0.43020
   0.22763  0.08988 -0.42393
   0.21174  0.08836 -0.41493
   0.19615  0.08660 -0.40318
   0.18090  0.08460 -0.38843
   0.16606  0.08238 -0.37060
   0.15171  0.07995 -0.35029
   0.13796  0.07734 -0.32651
   0.12489  0.07456 -0.29878
   0.11257  0.07165 -0.26766
   0.10108  0.06865 -0.23272
   0.09046  0.06560 -0.19528
   0.08074  0.06256 -0.15551
   0.07191  0.05954 -0.11261
   0.06392  0.05658 -0.06685
   0.05672  0.05368 -0.01891
   0.05024  0.05086  0.03185
   0.04440  0.04812  0.08561
   0.03913  0.04546  0.14070
   0.03438  0.04287  0.19696
   0.03008  0.04035  0.25619
   0.02620  0.03789  0.31971
   0.02268  0.03549  0.38480
   0.01949  0.03313  0.44993
   0.01660  0.03082  0.51801
   0.01398  0.02853  0.58822
   0.01163  0.02626  0.66071
   0.00950  0.02401  0.73195
   0.00760  0.02178  0.79975
   0.00592  0.01956  0.86361
   0.00445  0.01734  0.92000
   0.00319  0.01514  0.96455
   0.00215  0.01295  0.99277
   0.00131  0.01077  0.99939
   0.00067  0.00859  0.98091
   0.00023  0.00644  0.93434
  -0.00003  0.00431  0.85958
  -0.00011  0.00221  0.75464
  -0.00001  0.00013  0.62329
   0.00028 -0.00195  0.47207
   0.00077 -0.00403  0.30813
   0.00145 -0.00612  0.13460
   0.00233 -0.00822 -0.04491
   0.00343 -0.01032 -0.22831
   0.00476 -0.01241 -0.39552
   0.00631 -0.01448 -0.53921
   0.00810 -0.01651 -0.65789
   0.01013 -0.01851 -0.74900
   0.01238 -0.02046 -0.82014
   0.01485 -0.02238 -0.87687
   0.01757 -0.02427 -0.92262
   0.02054 -0.02613 -0.95458
   0.02380 -0.02797 -0.97242
   0.02739 -0.02980 -0.97800
   0.03132 -0.03162 -0.98133
   0.03564 -0.03344 -0.97944
   0.04040 -0.03525 -0.97132
   0.04564 -0.03706 -0.95743
   0.05143 -0.03886 -0.94060
   0.05784 -0.04067 -0.92153
   0.06495 -0.04246 -0.89861
   0.07287 -0.04424 -0.87296
   0.08166 -0.04599 -0.84578
   0.09140 -0.04769 -0.81676
   0.10214 -0.04932 -0.78548
   0.11390 -0.05084 -0.75357
   0.12665 -0.05224 -0.72046
   0.14035 -0.05348 -0.68732
   0.15491 -0.05455 -0.65451
   0.17020 -0.05543 -0.62241
   0.18612 -0.05611 -0.59139
   0.20258 -0.05661 -0.56173
   0.21948 -0.05692 -0.53386
   0.23676 -0.05705 -0.50783
   0.25434 -0.05702 -0.48383
   0.27219 -0.05684 -0.46182
   0.29027 -0.05652 -0.44166
   0.30856 -0.05607 -0.42318
   0.32702 -0.05552 -0.40610
   0.34565 -0.05486 -0.39021
   0.36440 -0.05413 -0.37533
   0.38322 -0.05331 -0.36158
   0.40208 -0.05243 -0.33867
   0.42093 -0.05149 -0.28199
   0.43976 -0.05047 -0.24344
   0.45859 -0.04936 -0.22251
   0.47746 -0.04818 -0.20789
   0.49642 -0.04692 -0.19568
   0.51544 -0.04560 -0.18412
   0.53452 -0.04423 -0.17231
   0.55364 -0.04280 -0.16012
   0.57279 -0.04132 -0.14767
   0.59199 -0.03979 -0.13498
   0.61123 -0.03823 -0.12201
   0.63052 -0.03663 -0.10907
   0.64985 -0.03499 -0.09628
   0.66919 -0.03334 -0.08377
   0.68854 -0.03165 -0.07128
   0.70789 -0.02994 -0.05866
   0.72725 -0.02821 -0.04560
   0.74664 -0.02645 -0.03233
   0.76603 -0.02467 -0.01909
   0.78541 -0.02287 -0.00575
   0.80477 -0.02106  0.00828
   0.82409 -0.01923  0.02292
   0.84336 -0.01739  0.03822
   0.86253 -0.01554  0.05438
   0.88153 -0.01368  0.07136
   0.90022 -0.01184  0.08963
   0.91844 -0.01002  0.10969
   0.93595 -0.00824  0.13132
   0.95244 -0.00655  0.15431
   0.96758 -0.00498  0.17819
   0.98112 -0.00357  0.20161
   0.99298 -0.00231  0.22545
   1.00000 -0.00157  0.23654
