NACA 2415                                       
 Alfa =  16.90000 Re =   401388.344 Xflap,Yflap =     0.000000    0.000000
#    x        y        Cp  
   1.00000  0.00157 -0.19530
   0.99318  0.00326 -0.19727
   0.98173  0.00600 -0.20060
   0.96880  0.00906 -0.20440
   0.95446  0.01238 -0.20867
   0.93889  0.01591 -0.21340
   0.92241  0.01956 -0.21850
   0.90530  0.02327 -0.22390
   0.88776  0.02697 -0.22958
   0.86990  0.03064 -0.23549
   0.85186  0.03426 -0.24161
   0.83372  0.03780 -0.24791
   0.81551  0.04126 -0.25441
   0.79724  0.04464 -0.26110
   0.77892  0.04793 -0.26797
   0.76059  0.05113 -0.27504
   0.74224  0.05423 -0.28231
   0.72388  0.05724 -0.28978
   0.70551  0.06016 -0.29747
   0.68713  0.06297 -0.30538
   0.66875  0.06569 -0.31351
   0.65038  0.06831 -0.32187
   0.63203  0.07083 -0.33044
   0.61369  0.07324 -0.33922
   0.59536  0.07554 -0.34821
   0.57704  0.07773 -0.35738
   0.55874  0.07980 -0.36670
   0.54048  0.08177 -0.37606
   0.52226  0.08361 -0.38517
   0.50409  0.08532 -0.39333
   0.48596  0.08690 -0.39886
   0.46787  0.08835 -0.41129
   0.44982  0.08966 -0.44155
   0.43188  0.09084 -0.48557
   0.41408  0.09185 -0.54245
   0.39645  0.09270 -0.61019
   0.37898  0.09336 -0.68634
   0.36163  0.09382 -0.76844
   0.34440  0.09409 -0.85445
   0.32729  0.09415 -0.94280
   0.31030  0.09400 -1.03244
   0.29344  0.09362 -1.12306
   0.27672  0.09303 -1.21479
   0.26016  0.09221 -1.30758
   0.24379  0.09116 -1.40264
   0.22763  0.08988 -1.50031
   0.21174  0.08836 -1.60048
   0.19615  0.08660 -1.70358
   0.18090  0.08460 -1.81048
   0.16606  0.08238 -1.92118
   0.15171  0.07995 -2.03795
   0.13796  0.07734 -2.16002
   0.12489  0.07456 -2.28582
   0.11257  0.07165 -2.41650
   0.10108  0.06865 -2.54892
   0.09046  0.06560 -2.68440
   0.08074  0.06256 -2.82269
   0.07191  0.05954 -2.95623
   0.06392  0.05658 -3.08212
   0.05672  0.05368 -3.21524
   0.05024  0.05086 -3.43909
   0.04440  0.04812 -3.99440
   0.03913  0.04546 -4.74756
   0.03438  0.04287 -4.80022
   0.03008  0.04035 -4.84774
   0.02620  0.03789 -4.89784
   0.02268  0.03549 -4.95669
   0.01949  0.03313 -5.03174
   0.01660  0.03082 -5.13260
   0.01398  0.02853 -5.26432
   0.01163  0.02626 -5.42558
   0.00950  0.02401 -5.61052
   0.00760  0.02178 -5.80514
   0.00592  0.01956 -5.99068
   0.00445  0.01734 -6.13918
   0.00319  0.01514 -6.22351
   0.00215  0.01295 -6.21266
   0.00131  0.01077 -6.09887
   0.00067  0.00859 -5.87904
   0.00023  0.00644 -5.59903
  -0.00003  0.00431 -5.26563
  -0.00011  0.00221 -4.86762
  -0.00001  0.00013 -4.39247
   0.00028 -0.00195 -3.83012
   0.00077 -0.00403 -3.23815
   0.00145 -0.00612 -2.65430
   0.00233 -0.00822 -2.10422
   0.00343 -0.01032 -1.57697
   0.00476 -0.01241 -1.09070
   0.00631 -0.01448 -0.65151
   0.00810 -0.01651 -0.27041
   0.01013 -0.01851  0.04357
   0.01238 -0.02046  0.29837
   0.01485 -0.02238  0.49469
   0.01757 -0.02427  0.64760
   0.02054 -0.02613  0.76709
   0.02380 -0.02797  0.85491
   0.02739 -0.02980  0.91839
   0.03132 -0.03162  0.96089
   0.03564 -0.03344  0.98671
   0.04040 -0.03525  0.99851
   0.04564 -0.03706  0.99888
   0.05143 -0.03886  0.98977
   0.05784 -0.04067  0.97282
   0.06495 -0.04246  0.94944
   0.07287 -0.04424  0.92103
   0.08166 -0.04599  0.88799
   0.09140 -0.04769  0.85238
   0.10214 -0.04932  0.81442
   0.11390 -0.05084  0.77535
   0.12665 -0.05224  0.73660
   0.14035 -0.05348  0.69822
   0.15491 -0.05455  0.66108
   0.17020 -0.05543  0.62609
   0.18612 -0.05611  0.59300
   0.20258 -0.05661  0.56238
   0.21948 -0.05692  0.53385
   0.23676 -0.05705  0.50736
   0.25434 -0.05702  0.48309
   0.27219 -0.05684  0.46040
   0.29027 -0.05652  0.43951
   0.30856 -0.05607  0.42001
   0.32702 -0.05552  0.40163
   0.34565 -0.05486  0.38431
   0.36440 -0.05413  0.36733
   0.38322 -0.05331  0.35062
   0.40208 -0.05243  0.33450
   0.42093 -0.05149  0.31846
   0.43976 -0.05047  0.30317
   0.45859 -0.04936  0.28906
   0.47746 -0.04818  0.27630
   0.49642 -0.04692  0.26416
   0.51544 -0.04560  0.25247
   0.53452 -0.04423  0.24107
   0.55364 -0.04280  0.23005
   0.57279 -0.04132  0.21920
   0.59199 -0.03979  0.20850
   0.61123 -0.03823  0.19821
   0.63052 -0.03663  0.18773
   0.64985 -0.03499  0.17727
   0.66919 -0.03334  0.16636
   0.68854 -0.03165  0.15542
   0.70789 -0.02994  0.14427
   0.72725 -0.02821  0.13324
   0.74664 -0.02645  0.12183
   0.76603 -0.02467  0.10998
   0.78541 -0.02287  0.09736
   0.80477 -0.02106  0.08448
   0.82409 -0.01923  0.07112
   0.84336 -0.01739  0.05693
   0.86253 -0.01554  0.04190
   0.88153 -0.01368  0.02551
   0.90022 -0.01184  0.00786
   0.91844 -0.01002 -0.01061
   0.93595 -0.00824 -0.03053
   0.95244 -0.00655 -0.05200
   0.96758 -0.00498 -0.07478
   0.98112 -0.00357 -0.10250
   0.99298 -0.00231 -0.12719
   1.00000 -0.00157 -0.19530
