NACA 2415                                       
 Alfa =  -7.40000 Re =   887685.750 Xflap,Yflap =     0.000000    0.000000
#    x        y        Cp  
   1.00000  0.00157  0.23646
   0.99318  0.00326  0.21349
   0.98173  0.00600  0.17602
   0.96880  0.00906  0.12867
   0.95446  0.01238  0.05385
   0.93889  0.01591 -0.00450
   0.92241  0.01956 -0.00902
   0.90530  0.02327 -0.01382
   0.88776  0.02697 -0.01923
   0.86990  0.03064 -0.02529
   0.85186  0.03426 -0.03224
   0.83372  0.03780 -0.04030
   0.81551  0.04126 -0.04921
   0.79724  0.04464 -0.05849
   0.77892  0.04793 -0.06779
   0.76059  0.05113 -0.07689
   0.74224  0.05423 -0.08545
   0.72388  0.05724 -0.09342
   0.70551  0.06016 -0.10083
   0.68713  0.06297 -0.10788
   0.66875  0.06569 -0.11430
   0.65038  0.06831 -0.12041
   0.63203  0.07083 -0.12595
   0.61369  0.07324 -0.13107
   0.59536  0.07554 -0.13568
   0.57704  0.07773 -0.13988
   0.55874  0.07980 -0.14372
   0.54048  0.08177 -0.14733
   0.52226  0.08361 -0.15051
   0.50409  0.08532 -0.15305
   0.48596  0.08690 -0.15518
   0.46787  0.08835 -0.15679
   0.44982  0.08966 -0.15839
   0.43188  0.09084 -0.16028
   0.41408  0.09185 -0.16198
   0.39645  0.09270 -0.16241
   0.37898  0.09336 -0.16085
   0.36163  0.09382 -0.15758
   0.34440  0.09409 -0.15232
   0.32729  0.09415 -0.14474
   0.31030  0.09400 -0.13512
   0.29344  0.09362 -0.12329
   0.27672  0.09303 -0.10919
   0.26016  0.09221 -0.09257
   0.24379  0.09116 -0.07366
   0.22763  0.08988 -0.05234
   0.21174  0.08836 -0.02796
   0.19615  0.08660 -0.00020
   0.18090  0.08460  0.03098
   0.16606  0.08238  0.06539
   0.15171  0.07995  0.10305
   0.13796  0.07734  0.14409
   0.12489  0.07456  0.18870
   0.11257  0.07165  0.23657
   0.10108  0.06865  0.28770
   0.09046  0.06560  0.34039
   0.08074  0.06256  0.39435
   0.07191  0.05954  0.44966
   0.06392  0.05658  0.50566
   0.05672  0.05368  0.56197
   0.05024  0.05086  0.61738
   0.04440  0.04812  0.67265
   0.03913  0.04546  0.72609
   0.03438  0.04287  0.77742
   0.03008  0.04035  0.82573
   0.02620  0.03789  0.87190
   0.02268  0.03549  0.91287
   0.01949  0.03313  0.94791
   0.01660  0.03082  0.97599
   0.01398  0.02853  0.99416
   0.01163  0.02626  0.99992
   0.00950  0.02401  0.99011
   0.00760  0.02178  0.95974
   0.00592  0.01956  0.90501
   0.00445  0.01734  0.81972
   0.00319  0.01514  0.69924
   0.00215  0.01295  0.54119
   0.00131  0.01077  0.34585
   0.00067  0.00859  0.11574
   0.00023  0.00644 -0.14953
  -0.00003  0.00431 -0.44638
  -0.00011  0.00221 -0.77063
  -0.00001  0.00013 -1.11160
   0.00028 -0.00195 -1.42918
   0.00077 -0.00403 -1.72667
   0.00145 -0.00612 -2.00338
   0.00233 -0.00822 -2.25964
   0.00343 -0.01032 -2.49084
   0.00476 -0.01241 -2.66878
   0.00631 -0.01448 -2.77669
   0.00810 -0.01651 -2.82950
   0.01013 -0.01851 -2.83382
   0.01238 -0.02046 -2.80586
   0.01485 -0.02238 -2.76551
   0.01757 -0.02427 -2.71521
   0.02054 -0.02613 -2.64693
   0.02380 -0.02797 -2.56554
   0.02739 -0.02980 -2.47719
   0.03132 -0.03162 -2.39052
   0.03564 -0.03344 -2.30445
   0.04040 -0.03525 -2.22123
   0.04564 -0.03706 -2.14436
   0.05143 -0.03886 -2.07546
   0.05784 -0.04067 -2.01307
   0.06495 -0.04246 -1.95593
   0.07287 -0.04424 -1.90026
   0.08166 -0.04599 -1.66184
   0.09140 -0.04769 -1.49961
   0.10214 -0.04932 -1.42330
   0.11390 -0.05084 -1.35555
   0.12665 -0.05224 -1.28362
   0.14035 -0.05348 -1.21231
   0.15491 -0.05455 -1.14256
   0.17020 -0.05543 -1.07454
   0.18612 -0.05611 -1.01058
   0.20258 -0.05661 -0.94935
   0.21948 -0.05692 -0.89223
   0.23676 -0.05705 -0.83863
   0.25434 -0.05702 -0.78795
   0.27219 -0.05684 -0.74083
   0.29027 -0.05652 -0.69619
   0.30856 -0.05607 -0.65439
   0.32702 -0.05552 -0.61546
   0.34565 -0.05486 -0.57919
   0.36440 -0.05413 -0.54638
   0.38322 -0.05331 -0.51636
   0.40208 -0.05243 -0.48851
   0.42093 -0.05149 -0.46298
   0.43976 -0.05047 -0.43835
   0.45859 -0.04936 -0.41340
   0.47746 -0.04818 -0.38807
   0.49642 -0.04692 -0.36322
   0.51544 -0.04560 -0.33917
   0.53452 -0.04423 -0.31585
   0.55364 -0.04280 -0.29312
   0.57279 -0.04132 -0.27094
   0.59199 -0.03979 -0.24920
   0.61123 -0.03823 -0.22782
   0.63052 -0.03663 -0.20688
   0.64985 -0.03499 -0.18646
   0.66919 -0.03334 -0.16661
   0.68854 -0.03165 -0.14705
   0.70789 -0.02994 -0.12757
   0.72725 -0.02821 -0.10790
   0.74664 -0.02645 -0.08810
   0.76603 -0.02467 -0.06843
   0.78541 -0.02287 -0.04868
   0.80477 -0.02106 -0.02834
   0.82409 -0.01923 -0.00746
   0.84336 -0.01739  0.01405
   0.86253 -0.01554  0.03634
   0.88153 -0.01368  0.05933
   0.90022 -0.01184  0.08329
   0.91844 -0.01002  0.10829
   0.93595 -0.00824  0.13385
   0.95244 -0.00655  0.15927
   0.96758 -0.00498  0.18364
   0.98112 -0.00357  0.20589
   0.99298 -0.00231  0.22614
   1.00000 -0.00157  0.23646
