NACA 2415                                       
 Alfa =  19.00000 Re =    43060.563 Xflap,Yflap =     0.000000    0.000000
#    x        y        Cp  
   1.00000  0.00157 -0.53019
   0.99318  0.00326 -0.53162
   0.98173  0.00600 -0.53405
   0.96880  0.00906 -0.53681
   0.95446  0.01238 -0.53993
   0.93889  0.01591 -0.54336
   0.92241  0.01956 -0.54706
   0.90530  0.02327 -0.55098
   0.88776  0.02697 -0.55509
   0.86990  0.03064 -0.55937
   0.85186  0.03426 -0.56380
   0.83372  0.03780 -0.56837
   0.81551  0.04126 -0.57309
   0.79724  0.04464 -0.57795
   0.77892  0.04793 -0.58297
   0.76059  0.05113 -0.58815
   0.74224  0.05423 -0.59349
   0.72388  0.05724 -0.59901
   0.70551  0.06016 -0.60472
   0.68713  0.06297 -0.61063
   0.66875  0.06569 -0.61676
   0.65038  0.06831 -0.62313
   0.63203  0.07083 -0.62973
   0.61369  0.07324 -0.63661
   0.59536  0.07554 -0.64378
   0.57704  0.07773 -0.65126
   0.55874  0.07980 -0.65909
   0.54048  0.08177 -0.66729
   0.52226  0.08361 -0.67590
   0.50409  0.08532 -0.68494
   0.48596  0.08690 -0.69448
   0.46787  0.08835 -0.70459
   0.44982  0.08966 -0.71530
   0.43188  0.09084 -0.72669
   0.41408  0.09185 -0.73879
   0.39645  0.09270 -0.75171
   0.37898  0.09336 -0.76557
   0.36163  0.09382 -0.78056
   0.34440  0.09409 -0.79689
   0.32729  0.09415 -0.81482
   0.31030  0.09400 -0.83491
   0.29344  0.09362 -0.85774
   0.27672  0.09303 -0.88393
   0.26016  0.09221 -0.91486
   0.24379  0.09116 -0.95327
   0.22763  0.08988 -1.00856
   0.21174  0.08836 -1.05412
   0.19615  0.08660 -1.05559
   0.18090  0.08460 -1.05708
   0.16606  0.08238 -1.05859
   0.15171  0.07995 -1.06012
   0.13796  0.07734 -1.06166
   0.12489  0.07456 -1.06318
   0.11257  0.07165 -1.06469
   0.10108  0.06865 -1.06619
   0.09046  0.06560 -1.06766
   0.08074  0.06256 -1.06913
   0.07191  0.05954 -1.07063
   0.06392  0.05658 -1.07223
   0.05672  0.05368 -1.07401
   0.05024  0.05086 -1.07611
   0.04440  0.04812 -1.07872
   0.03913  0.04546 -1.08208
   0.03438  0.04287 -1.08654
   0.03008  0.04035 -1.09266
   0.02620  0.03789 -1.10127
   0.02268  0.03549 -1.11339
   0.01949  0.03313 -1.13053
   0.01660  0.03082 -1.15497
   0.01398  0.02853 -1.18972
   0.01163  0.02626 -1.23762
   0.00950  0.02401 -1.29885
   0.00760  0.02178 -1.37409
   0.00592  0.01956 -1.45649
   0.00445  0.01734 -1.53092
   0.00319  0.01514 -1.58085
   0.00215  0.01295 -1.59011
   0.00131  0.01077 -1.55015
   0.00067  0.00859 -1.46684
   0.00023  0.00644 -1.34170
  -0.00003  0.00431 -1.18694
  -0.00011  0.00221 -1.00336
  -0.00001  0.00013 -0.78712
   0.00028 -0.00195 -0.54635
   0.00077 -0.00403 -0.30029
   0.00145 -0.00612 -0.06746
   0.00233 -0.00822  0.15178
   0.00343 -0.01032  0.35089
   0.00476 -0.01241  0.52542
   0.00631 -0.01448  0.67206
   0.00810 -0.01651  0.78818
   0.01013 -0.01851  0.87392
   0.01238 -0.02046  0.93390
   0.01485 -0.02238  0.97221
   0.01757 -0.02427  0.99308
   0.02054 -0.02613  0.99995
   0.02380 -0.02797  0.99591
   0.02739 -0.02980  0.98263
   0.03132 -0.03162  0.96292
   0.03564 -0.03344  0.93725
   0.04040 -0.03525  0.90716
   0.04564 -0.03706  0.87414
   0.05143 -0.03886  0.83821
   0.05784 -0.04067  0.79980
   0.06495 -0.04246  0.76026
   0.07287 -0.04424  0.71954
   0.08166 -0.04599  0.67813
   0.09140 -0.04769  0.63616
   0.10214 -0.04932  0.59510
   0.11390 -0.05084  0.55478
   0.12665 -0.05224  0.51592
   0.14035 -0.05348  0.47889
   0.15491 -0.05455  0.44381
   0.17020 -0.05543  0.41105
   0.18612 -0.05611  0.38089
   0.20258 -0.05661  0.35272
   0.21948 -0.05692  0.32699
   0.23676 -0.05705  0.30309
   0.25434 -0.05702  0.28106
   0.27219 -0.05684  0.26050
   0.29027 -0.05652  0.24150
   0.30856 -0.05607  0.22362
   0.32702 -0.05552  0.20642
   0.34565 -0.05486  0.19011
   0.36440 -0.05413  0.17384
   0.38322 -0.05331  0.15773
   0.40208 -0.05243  0.14175
   0.42093 -0.05149  0.12574
   0.43976 -0.05047  0.11023
   0.45859 -0.04936  0.09536
   0.47746 -0.04818  0.08167
   0.49642 -0.04692  0.06846
   0.51544 -0.04560  0.05551
   0.53452 -0.04423  0.04289
   0.55364 -0.04280  0.03047
   0.57279 -0.04132  0.01796
   0.59199 -0.03979  0.00556
   0.61123 -0.03823 -0.00690
   0.63052 -0.03663 -0.01952
   0.64985 -0.03499 -0.03245
   0.66919 -0.03334 -0.04592
   0.68854 -0.03165 -0.05985
   0.70789 -0.02994 -0.07415
   0.72725 -0.02821 -0.08884
   0.74664 -0.02645 -0.10417
   0.76603 -0.02467 -0.12023
   0.78541 -0.02287 -0.13735
   0.80477 -0.02106 -0.15534
   0.82409 -0.01923 -0.17424
   0.84336 -0.01739 -0.19451
   0.86253 -0.01554 -0.21631
   0.88153 -0.01368 -0.23986
   0.90022 -0.01184 -0.26549
   0.91844 -0.01002 -0.29299
   0.93595 -0.00824 -0.32267
   0.95244 -0.00655 -0.35477
   0.96758 -0.00498 -0.38923
   0.98112 -0.00357 -0.42852
   0.99298 -0.00231 -0.46930
   1.00000 -0.00157 -0.53019
