NACA 2415                                       
 Alfa =  15.90000 Re =   887685.750 Xflap,Yflap =     0.000000    0.000000
#    x        y        Cp  
   1.00000  0.00157 -0.10304
   0.99318  0.00326 -0.10529
   0.98173  0.00600 -0.10910
   0.96880  0.00906 -0.11344
   0.95446  0.01238 -0.11833
   0.93889  0.01591 -0.12374
   0.92241  0.01956 -0.12959
   0.90530  0.02327 -0.13580
   0.88776  0.02697 -0.14233
   0.86990  0.03064 -0.14914
   0.85186  0.03426 -0.15618
   0.83372  0.03780 -0.16345
   0.81551  0.04126 -0.17091
   0.79724  0.04464 -0.17857
   0.77892  0.04793 -0.18642
   0.76059  0.05113 -0.19442
   0.74224  0.05423 -0.20256
   0.72388  0.05724 -0.21075
   0.70551  0.06016 -0.21889
   0.68713  0.06297 -0.22662
   0.66875  0.06569 -0.23315
   0.65038  0.06831 -0.23679
   0.63203  0.07083 -0.24769
   0.61369  0.07324 -0.27185
   0.59536  0.07554 -0.30486
   0.57704  0.07773 -0.34584
   0.55874  0.07980 -0.39359
   0.54048  0.08177 -0.44690
   0.52226  0.08361 -0.50442
   0.50409  0.08532 -0.56510
   0.48596  0.08690 -0.62791
   0.46787  0.08835 -0.69275
   0.44982  0.08966 -0.75939
   0.43188  0.09084 -0.82853
   0.41408  0.09185 -0.89984
   0.39645  0.09270 -0.97226
   0.37898  0.09336 -1.04554
   0.36163  0.09382 -1.11930
   0.34440  0.09409 -1.19411
   0.32729  0.09415 -1.27017
   0.31030  0.09400 -1.34710
   0.29344  0.09362 -1.42599
   0.27672  0.09303 -1.50703
   0.26016  0.09221 -1.59045
   0.24379  0.09116 -1.67754
   0.22763  0.08988 -1.76841
   0.21174  0.08836 -1.86328
   0.19615  0.08660 -1.96208
   0.18090  0.08460 -2.06620
   0.16606  0.08238 -2.17470
   0.15171  0.07995 -2.29154
   0.13796  0.07734 -2.41490
   0.12489  0.07456 -2.54387
   0.11257  0.07165 -2.67924
   0.10108  0.06865 -2.82007
   0.09046  0.06560 -2.96592
   0.08074  0.06256 -3.12209
   0.07191  0.05954 -3.28189
   0.06392  0.05658 -3.43849
   0.05672  0.05368 -3.59996
   0.05024  0.05086 -3.75285
   0.04440  0.04812 -3.89175
   0.03913  0.04546 -4.04030
   0.03438  0.04287 -4.38659
   0.03008  0.04035 -5.21073
   0.02620  0.03789 -5.29540
   0.02268  0.03549 -5.37772
   0.01949  0.03313 -5.47197
   0.01660  0.03082 -5.59147
   0.01398  0.02853 -5.74055
   0.01163  0.02626 -5.91922
   0.00950  0.02401 -6.11457
   0.00760  0.02178 -6.31473
   0.00592  0.01956 -6.50944
   0.00445  0.01734 -6.66151
   0.00319  0.01514 -6.74521
   0.00215  0.01295 -6.73640
   0.00131  0.01077 -6.60108
   0.00067  0.00859 -6.37099
   0.00023  0.00644 -6.06857
  -0.00003  0.00431 -5.71297
  -0.00011  0.00221 -5.29067
  -0.00001  0.00013 -4.79210
   0.00028 -0.00195 -4.19517
   0.00077 -0.00403 -3.56222
   0.00145 -0.00612 -2.94419
   0.00233 -0.00822 -2.35334
   0.00343 -0.01032 -1.79622
   0.00476 -0.01241 -1.27747
   0.00631 -0.01448 -0.80453
   0.00810 -0.01651 -0.39723
   0.01013 -0.01851 -0.05793
   0.01238 -0.02046  0.21688
   0.01485 -0.02238  0.43039
   0.01757 -0.02427  0.59829
   0.02054 -0.02613  0.72780
   0.02380 -0.02797  0.82661
   0.02739 -0.02980  0.89838
   0.03132 -0.03162  0.94739
   0.03564 -0.03344  0.97927
   0.04040 -0.03525  0.99561
   0.04564 -0.03706  0.99994
   0.05143 -0.03886  0.99410
   0.05784 -0.04067  0.97987
   0.06495 -0.04246  0.95865
   0.07287 -0.04424  0.93211
   0.08166 -0.04599  0.90071
   0.09140 -0.04769  0.86618
   0.10214 -0.04932  0.82931
   0.11390 -0.05084  0.79133
   0.12665 -0.05224  0.75302
   0.14035 -0.05348  0.71537
   0.15491 -0.05455  0.67895
   0.17020 -0.05543  0.64434
   0.18612 -0.05611  0.61196
   0.20258 -0.05661  0.58174
   0.21948 -0.05692  0.55366
   0.23676 -0.05705  0.52779
   0.25434 -0.05702  0.50407
   0.27219 -0.05684  0.48189
   0.29027 -0.05652  0.46163
   0.30856 -0.05607  0.44266
   0.32702 -0.05552  0.42496
   0.34565 -0.05486  0.40820
   0.36440 -0.05413  0.39194
   0.38322 -0.05331  0.37596
   0.40208 -0.05243  0.36062
   0.42093 -0.05149  0.34526
   0.43976 -0.05047  0.33080
   0.45859 -0.04936  0.31764
   0.47746 -0.04818  0.30575
   0.49642 -0.04692  0.29458
   0.51544 -0.04560  0.28380
   0.53452 -0.04423  0.27333
   0.55364 -0.04280  0.26335
   0.57279 -0.04132  0.25348
   0.59199 -0.03979  0.24393
   0.61123 -0.03823  0.23472
   0.63052 -0.03663  0.22542
   0.64985 -0.03499  0.21627
   0.66919 -0.03334  0.20663
   0.68854 -0.03165  0.19709
   0.70789 -0.02994  0.18737
   0.72725 -0.02821  0.17797
   0.74664 -0.02645  0.16817
   0.76603 -0.02467  0.15811
   0.78541 -0.02287  0.14738
   0.80477 -0.02106  0.13654
   0.82409 -0.01923  0.12535
   0.84336 -0.01739  0.11361
   0.86253 -0.01554  0.10105
   0.88153 -0.01368  0.08751
   0.90022 -0.01184  0.07295
   0.91844 -0.01002  0.05773
   0.93595 -0.00824  0.04147
   0.95244 -0.00655  0.02397
   0.96758 -0.00498  0.00552
   0.98112 -0.00357 -0.01770
   0.99298 -0.00231 -0.03591
   1.00000 -0.00157 -0.10304
