NACA 2415                                       
 Alfa =  -3.00000 Re =   347355.281 Xflap,Yflap =     0.000000    0.000000
#    x        y        Cp  
   1.00000  0.00157  0.23821
   0.99318  0.00326  0.21727
   0.98173  0.00600  0.18386
   0.96880  0.00906  0.14984
   0.95446  0.01238  0.11882
   0.93889  0.01591  0.08926
   0.92241  0.01956  0.05926
   0.90530  0.02327  0.02300
   0.88776  0.02697 -0.03010
   0.86990  0.03064 -0.10727
   0.85186  0.03426 -0.15567
   0.83372  0.03780 -0.16107
   0.81551  0.04126 -0.16645
   0.79724  0.04464 -0.17205
   0.77892  0.04793 -0.17803
   0.76059  0.05113 -0.18455
   0.74224  0.05423 -0.19167
   0.72388  0.05724 -0.19935
   0.70551  0.06016 -0.20773
   0.68713  0.06297 -0.21688
   0.66875  0.06569 -0.22677
   0.65038  0.06831 -0.23731
   0.63203  0.07083 -0.24831
   0.61369  0.07324 -0.25959
   0.59536  0.07554 -0.27099
   0.57704  0.07773 -0.28242
   0.55874  0.07980 -0.29385
   0.54048  0.08177 -0.30525
   0.52226  0.08361 -0.31656
   0.50409  0.08532 -0.32765
   0.48596  0.08690 -0.33862
   0.46787  0.08835 -0.34943
   0.44982  0.08966 -0.36048
   0.43188  0.09084 -0.37190
   0.41408  0.09185 -0.38329
   0.39645  0.09270 -0.39387
   0.37898  0.09336 -0.40307
   0.36163  0.09382 -0.41078
   0.34440  0.09409 -0.41692
   0.32729  0.09415 -0.42127
   0.31030  0.09400 -0.42380
   0.29344  0.09362 -0.42442
   0.27672  0.09303 -0.42326
   0.26016  0.09221 -0.42006
   0.24379  0.09116 -0.41499
   0.22763  0.08988 -0.40792
   0.21174  0.08836 -0.39820
   0.19615  0.08660 -0.38548
   0.18090  0.08460 -0.36989
   0.16606  0.08238 -0.35126
   0.15171  0.07995 -0.32989
   0.13796  0.07734 -0.30514
   0.12489  0.07456 -0.27656
   0.11257  0.07165 -0.24445
   0.10108  0.06865 -0.20832
   0.09046  0.06560 -0.16995
   0.08074  0.06256 -0.12931
   0.07191  0.05954 -0.08531
   0.06392  0.05658 -0.03883
   0.05672  0.05368  0.01010
   0.05024  0.05086  0.06146
   0.04440  0.04812  0.11606
   0.03913  0.04546  0.17174
   0.03438  0.04287  0.22842
   0.03008  0.04035  0.28814
   0.02620  0.03789  0.35157
   0.02268  0.03549  0.41586
   0.01949  0.03313  0.48199
   0.01660  0.03082  0.54893
   0.01398  0.02853  0.61806
   0.01163  0.02626  0.68888
   0.00950  0.02401  0.75796
   0.00760  0.02178  0.82424
   0.00592  0.01956  0.88353
   0.00445  0.01734  0.93582
   0.00319  0.01514  0.97531
   0.00215  0.01295  0.99714
   0.00131  0.01077  0.99662
   0.00067  0.00859  0.97036
   0.00023  0.00644  0.91536
  -0.00003  0.00431  0.83213
  -0.00011  0.00221  0.71799
  -0.00001  0.00013  0.57798
   0.00028 -0.00195  0.41954
   0.00077 -0.00403  0.24833
   0.00145 -0.00612  0.06996
   0.00233 -0.00822 -0.11473
   0.00343 -0.01032 -0.30138
   0.00476 -0.01241 -0.47083
   0.00631 -0.01448 -0.61556
   0.00810 -0.01651 -0.73265
   0.01013 -0.01851 -0.82272
   0.01238 -0.02046 -0.89006
   0.01485 -0.02238 -0.94526
   0.01757 -0.02427 -0.98800
   0.02054 -0.02613 -1.01685
   0.02380 -0.02797 -1.03111
   0.02739 -0.02980 -1.03441
   0.03132 -0.03162 -1.03460
   0.03564 -0.03344 -1.02947
   0.04040 -0.03525 -1.01857
   0.04564 -0.03706 -1.00167
   0.05143 -0.03886 -0.98240
   0.05784 -0.04067 -0.96061
   0.06495 -0.04246 -0.93528
   0.07287 -0.04424 -0.90725
   0.08166 -0.04599 -0.87776
   0.09140 -0.04769 -0.84647
   0.10214 -0.04932 -0.81318
   0.11390 -0.05084 -0.77931
   0.12665 -0.05224 -0.74444
   0.14035 -0.05348 -0.70975
   0.15491 -0.05455 -0.67562
   0.17020 -0.05543 -0.64228
   0.18612 -0.05611 -0.61042
   0.20258 -0.05661 -0.58021
   0.21948 -0.05692 -0.55205
   0.23676 -0.05705 -0.52604
   0.25434 -0.05702 -0.50222
   0.27219 -0.05684 -0.48047
   0.29027 -0.05652 -0.46055
   0.30856 -0.05607 -0.44219
   0.32702 -0.05552 -0.42513
   0.34565 -0.05486 -0.40926
   0.36440 -0.05413 -0.39025
   0.38322 -0.05331 -0.32139
   0.40208 -0.05243 -0.27762
   0.42093 -0.05149 -0.25707
   0.43976 -0.05047 -0.24536
   0.45859 -0.04936 -0.23477
   0.47746 -0.04818 -0.22277
   0.49642 -0.04692 -0.20996
   0.51544 -0.04560 -0.19680
   0.53452 -0.04423 -0.18349
   0.55364 -0.04280 -0.16992
   0.57279 -0.04132 -0.15634
   0.59199 -0.03979 -0.14266
   0.61123 -0.03823 -0.12888
   0.63052 -0.03663 -0.11527
   0.64985 -0.03499 -0.10177
   0.66919 -0.03334 -0.08873
   0.68854 -0.03165 -0.07571
   0.70789 -0.02994 -0.06260
   0.72725 -0.02821 -0.04911
   0.74664 -0.02645 -0.03541
   0.76603 -0.02467 -0.02176
   0.78541 -0.02287 -0.00803
   0.80477 -0.02106  0.00639
   0.82409 -0.01923  0.02140
   0.84336 -0.01739  0.03709
   0.86253 -0.01554  0.05363
   0.88153 -0.01368  0.07099
   0.90022 -0.01184  0.08966
   0.91844 -0.01002  0.11011
   0.93595 -0.00824  0.13211
   0.95244 -0.00655  0.15543
   0.96758 -0.00498  0.17957
   0.98112 -0.00357  0.20317
   0.99298 -0.00231  0.22702
   1.00000 -0.00157  0.23821
