NACA 2415                                       
 Alfa =  -7.91667 Re =    43060.563 Xflap,Yflap =     0.000000    0.000000
#    x        y        Cp  
   1.00000  0.00157 -0.14244
   0.99318  0.00326 -0.14484
   0.98173  0.00600 -0.14921
   0.96880  0.00906 -0.15441
   0.95446  0.01238 -0.16025
   0.93889  0.01591 -0.16674
   0.92241  0.01956 -0.17372
   0.90530  0.02327 -0.18098
   0.88776  0.02697 -0.18829
   0.86990  0.03064 -0.19559
   0.85186  0.03426 -0.20284
   0.83372  0.03780 -0.20994
   0.81551  0.04126 -0.21679
   0.79724  0.04464 -0.22336
   0.77892  0.04793 -0.22973
   0.76059  0.05113 -0.23587
   0.74224  0.05423 -0.24173
   0.72388  0.05724 -0.24731
   0.70551  0.06016 -0.25264
   0.68713  0.06297 -0.25779
   0.66875  0.06569 -0.26267
   0.65038  0.06831 -0.26737
   0.63203  0.07083 -0.27182
   0.61369  0.07324 -0.27605
   0.59536  0.07554 -0.28003
   0.57704  0.07773 -0.28380
   0.55874  0.07980 -0.28741
   0.54048  0.08177 -0.29085
   0.52226  0.08361 -0.29406
   0.50409  0.08532 -0.29701
   0.48596  0.08690 -0.29970
   0.46787  0.08835 -0.30214
   0.44982  0.08966 -0.30454
   0.43188  0.09084 -0.30687
   0.41408  0.09185 -0.30879
   0.39645  0.09270 -0.30964
   0.37898  0.09336 -0.30909
   0.36163  0.09382 -0.30695
   0.34440  0.09409 -0.30306
   0.32729  0.09415 -0.29730
   0.31030  0.09400 -0.28966
   0.29344  0.09362 -0.28001
   0.27672  0.09303 -0.26832
   0.26016  0.09221 -0.25438
   0.24379  0.09116 -0.23836
   0.22763  0.08988 -0.21988
   0.21174  0.08836 -0.19867
   0.19615  0.08660 -0.17442
   0.18090  0.08460 -0.14717
   0.16606  0.08238 -0.11670
   0.15171  0.07995 -0.08337
   0.13796  0.07734 -0.04664
   0.12489  0.07456 -0.00639
   0.11257  0.07165  0.03713
   0.10108  0.06865  0.08349
   0.09046  0.06560  0.13211
   0.08074  0.06256  0.18220
   0.07191  0.05954  0.23431
   0.06392  0.05658  0.28778
   0.05672  0.05368  0.34246
   0.05024  0.05086  0.39788
   0.04440  0.04812  0.45437
   0.03913  0.04546  0.51054
   0.03438  0.04287  0.56600
   0.03008  0.04035  0.62215
   0.02620  0.03789  0.67835
   0.02268  0.03549  0.73321
   0.01949  0.03313  0.78583
   0.01660  0.03082  0.83643
   0.01398  0.02853  0.88388
   0.01163  0.02626  0.92625
   0.00950  0.02401  0.96145
   0.00760  0.02178  0.98659
   0.00592  0.01956  0.99928
   0.00445  0.01734  0.99504
   0.00319  0.01514  0.97088
   0.00215  0.01295  0.92176
   0.00131  0.01077  0.84534
   0.00067  0.00859  0.74360
   0.00023  0.00644  0.61386
  -0.00003  0.00431  0.45874
  -0.00011  0.00221  0.27942
  -0.00001  0.00013  0.08437
   0.00028 -0.00195 -0.11448
   0.00077 -0.00403 -0.31027
   0.00145 -0.00612 -0.49873
   0.00233 -0.00822 -0.67763
   0.00343 -0.01032 -0.83987
   0.00476 -0.01241 -0.97542
   0.00631 -0.01448 -1.07428
   0.00810 -0.01651 -1.13759
   0.01013 -0.01851 -1.16813
   0.01238 -0.02046 -1.17425
   0.01485 -0.02238 -1.16270
   0.01757 -0.02427 -1.13729
   0.02054 -0.02613 -1.09932
   0.02380 -0.02797 -1.05061
   0.02739 -0.02980 -0.99554
   0.03132 -0.03162 -0.93872
   0.03564 -0.03344 -0.88341
   0.04040 -0.03525 -0.83314
   0.04564 -0.03706 -0.78974
   0.05143 -0.03886 -0.75355
   0.05784 -0.04067 -0.72508
   0.06495 -0.04246 -0.70340
   0.07287 -0.04424 -0.68710
   0.08166 -0.04599 -0.67492
   0.09140 -0.04769 -0.66586
   0.10214 -0.04932 -0.65913
   0.11390 -0.05084 -0.65407
   0.12665 -0.05224 -0.65018
   0.14035 -0.05348 -0.64710
   0.15491 -0.05455 -0.64456
   0.17020 -0.05543 -0.64241
   0.18612 -0.05611 -0.64050
   0.20258 -0.05661 -0.63877
   0.21948 -0.05692 -0.63717
   0.23676 -0.05705 -0.63564
   0.25434 -0.05702 -0.63418
   0.27219 -0.05684 -0.63276
   0.29027 -0.05652 -0.63138
   0.30856 -0.05607 -0.63002
   0.32702 -0.05552 -0.62868
   0.34565 -0.05486 -0.62735
   0.36440 -0.05413 -0.62604
   0.38322 -0.05331 -0.62473
   0.40208 -0.05243 -0.62344
   0.42093 -0.05149 -0.62217
   0.43976 -0.05047 -0.62091
   0.45859 -0.04936 -0.61966
   0.47746 -0.04818 -0.61841
   0.49642 -0.04692 -0.58489
   0.51544 -0.04560 -0.53532
   0.53452 -0.04423 -0.49871
   0.55364 -0.04280 -0.46818
   0.57279 -0.04132 -0.44148
   0.59199 -0.03979 -0.41773
   0.61123 -0.03823 -0.39618
   0.63052 -0.03663 -0.37626
   0.64985 -0.03499 -0.35770
   0.66919 -0.03334 -0.34031
   0.68854 -0.03165 -0.32395
   0.70789 -0.02994 -0.30849
   0.72725 -0.02821 -0.29382
   0.74664 -0.02645 -0.27986
   0.76603 -0.02467 -0.26655
   0.78541 -0.02287 -0.25385
   0.80477 -0.02106 -0.24172
   0.82409 -0.01923 -0.23012
   0.84336 -0.01739 -0.21902
   0.86253 -0.01554 -0.20840
   0.88153 -0.01368 -0.19827
   0.90022 -0.01184 -0.18866
   0.91844 -0.01002 -0.17961
   0.93595 -0.00824 -0.17118
   0.95244 -0.00655 -0.16349
   0.96758 -0.00498 -0.15662
   0.98112 -0.00357 -0.15061
   0.99298 -0.00231 -0.14546
   1.00000 -0.00157 -0.14244
