NACA 2415                                       
 Alfa =  -0.70000 Re =   355074.281 Xflap,Yflap =     0.000000    0.000000
#    x        y        Cp  
   1.00000  0.00157  0.24608
   0.99318  0.00326  0.22365
   0.98173  0.00600  0.18700
   0.96880  0.00906  0.14805
   0.95446  0.01238  0.11126
   0.93889  0.01591  0.07608
   0.92241  0.01956  0.04331
   0.90530  0.02327  0.01339
   0.88776  0.02697 -0.01281
   0.86990  0.03064 -0.03622
   0.85186  0.03426 -0.05744
   0.83372  0.03780 -0.07658
   0.81551  0.04126 -0.09428
   0.79724  0.04464 -0.11420
   0.77892  0.04793 -0.14531
   0.76059  0.05113 -0.20038
   0.74224  0.05423 -0.27615
   0.72388  0.05724 -0.29258
   0.70551  0.06016 -0.30016
   0.68713  0.06297 -0.30795
   0.66875  0.06569 -0.31608
   0.65038  0.06831 -0.32467
   0.63203  0.07083 -0.33379
   0.61369  0.07324 -0.34355
   0.59536  0.07554 -0.35403
   0.57704  0.07773 -0.36532
   0.55874  0.07980 -0.37744
   0.54048  0.08177 -0.39036
   0.52226  0.08361 -0.40400
   0.50409  0.08532 -0.41822
   0.48596  0.08690 -0.43289
   0.46787  0.08835 -0.44799
   0.44982  0.08966 -0.46360
   0.43188  0.09084 -0.47987
   0.41408  0.09185 -0.49641
   0.39645  0.09270 -0.51262
   0.37898  0.09336 -0.52794
   0.36163  0.09382 -0.54213
   0.34440  0.09409 -0.55500
   0.32729  0.09415 -0.56649
   0.31030  0.09400 -0.57628
   0.29344  0.09362 -0.58473
   0.27672  0.09303 -0.59148
   0.26016  0.09221 -0.59665
   0.24379  0.09116 -0.60038
   0.22763  0.08988 -0.60252
   0.21174  0.08836 -0.60242
   0.19615  0.08660 -0.59987
   0.18090  0.08460 -0.59495
   0.16606  0.08238 -0.58724
   0.15171  0.07995 -0.57769
   0.13796  0.07734 -0.56507
   0.12489  0.07456 -0.54913
   0.11257  0.07165 -0.52984
   0.10108  0.06865 -0.50709
   0.09046  0.06560 -0.48175
   0.08074  0.06256 -0.45481
   0.07191  0.05954 -0.42387
   0.06392  0.05658 -0.39003
   0.05672  0.05368 -0.35338
   0.05024  0.05086 -0.31390
   0.04440  0.04812 -0.27041
   0.03913  0.04546 -0.22426
   0.03438  0.04287 -0.17696
   0.03008  0.04035 -0.12500
   0.02620  0.03789 -0.06740
   0.02268  0.03549 -0.00606
   0.01949  0.03313  0.05742
   0.01660  0.03082  0.12539
   0.01398  0.02853  0.20044
   0.01163  0.02626  0.28249
   0.00950  0.02401  0.36832
   0.00760  0.02178  0.45707
   0.00592  0.01956  0.54705
   0.00445  0.01734  0.64000
   0.00319  0.01514  0.73182
   0.00215  0.01295  0.81710
   0.00131  0.01077  0.89312
   0.00067  0.00859  0.95105
   0.00023  0.00644  0.98795
  -0.00003  0.00431  0.99999
  -0.00011  0.00221  0.98564
  -0.00001  0.00013  0.94347
   0.00028 -0.00195  0.87578
   0.00077 -0.00403  0.78569
   0.00145 -0.00612  0.67580
   0.00233 -0.00822  0.54946
   0.00343 -0.01032  0.41389
   0.00476 -0.01241  0.27581
   0.00631 -0.01448  0.14484
   0.00810 -0.01651  0.02891
   0.01013 -0.01851 -0.07198
   0.01238 -0.02046 -0.15885
   0.01485 -0.02238 -0.23580
   0.01757 -0.02427 -0.30268
   0.02054 -0.02613 -0.35918
   0.02380 -0.02797 -0.40234
   0.02739 -0.02980 -0.43497
   0.03132 -0.03162 -0.46459
   0.03564 -0.03344 -0.48943
   0.04040 -0.03525 -0.50678
   0.04564 -0.03706 -0.51808
   0.05143 -0.03886 -0.52671
   0.05784 -0.04067 -0.53157
   0.06495 -0.04246 -0.53257
   0.07287 -0.04424 -0.52972
   0.08166 -0.04599 -0.52461
   0.09140 -0.04769 -0.51695
   0.10214 -0.04932 -0.50603
   0.11390 -0.05084 -0.49337
   0.12665 -0.05224 -0.47819
   0.14035 -0.05348 -0.46179
   0.15491 -0.05455 -0.44436
   0.17020 -0.05543 -0.42602
   0.18612 -0.05611 -0.40748
   0.20258 -0.05661 -0.38841
   0.21948 -0.05692 -0.36967
   0.23676 -0.05705 -0.35116
   0.25434 -0.05702 -0.33304
   0.27219 -0.05684 -0.31542
   0.29027 -0.05652 -0.29832
   0.30856 -0.05607 -0.28197
   0.32702 -0.05552 -0.26640
   0.34565 -0.05486 -0.25170
   0.36440 -0.05413 -0.23809
   0.38322 -0.05331 -0.22545
   0.40208 -0.05243 -0.21363
   0.42093 -0.05149 -0.20260
   0.43976 -0.05047 -0.19199
   0.45859 -0.04936 -0.18144
   0.47746 -0.04818 -0.17093
   0.49642 -0.04692 -0.16063
   0.51544 -0.04560 -0.15069
   0.53452 -0.04423 -0.14115
   0.55364 -0.04280 -0.13202
   0.57279 -0.04132 -0.12333
   0.59199 -0.03979 -0.11508
   0.61123 -0.03823 -0.10725
   0.63052 -0.03663 -0.09989
   0.64985 -0.03499 -0.09308
   0.66919 -0.03334 -0.08714
   0.68854 -0.03165 -0.07275
   0.70789 -0.02994 -0.03996
   0.72725 -0.02821 -0.01090
   0.74664 -0.02645  0.00934
   0.76603 -0.02467  0.02261
   0.78541 -0.02287  0.03246
   0.80477 -0.02106  0.04190
   0.82409 -0.01923  0.05179
   0.84336 -0.01739  0.06249
   0.86253 -0.01554  0.07428
   0.88153 -0.01368  0.08708
   0.90022 -0.01184  0.10143
   0.91844 -0.01002  0.11802
   0.93595 -0.00824  0.13678
   0.95244 -0.00655  0.15787
   0.96758 -0.00498  0.18138
   0.98112 -0.00357  0.20601
   0.99298 -0.00231  0.23443
   1.00000 -0.00157  0.24608
