NACA 2415                                       
 Alfa =  -1.75000 Re =    43060.563 Xflap,Yflap =     0.000000    0.000000
#    x        y        Cp  
   1.00000  0.00157 -0.05750
   0.99318  0.00326 -0.05758
   0.98173  0.00600 -0.05770
   0.96880  0.00906 -0.05780
   0.95446  0.01238 -0.05791
   0.93889  0.01591 -0.05803
   0.92241  0.01956 -0.05817
   0.90530  0.02327 -0.05834
   0.88776  0.02697 -0.05855
   0.86990  0.03064 -0.05882
   0.85186  0.03426 -0.05916
   0.83372  0.03780 -0.05959
   0.81551  0.04126 -0.06014
   0.79724  0.04464 -0.06082
   0.77892  0.04793 -0.06167
   0.76059  0.05113 -0.06273
   0.74224  0.05423 -0.06404
   0.72388  0.05724 -0.06566
   0.70551  0.06016 -0.06765
   0.68713  0.06297 -0.07009
   0.66875  0.06569 -0.07308
   0.65038  0.06831 -0.07673
   0.63203  0.07083 -0.08116
   0.61369  0.07324 -0.08652
   0.59536  0.07554 -0.09296
   0.57704  0.07773 -0.10060
   0.55874  0.07980 -0.10950
   0.54048  0.08177 -0.11952
   0.52226  0.08361 -0.13077
   0.50409  0.08532 -0.14333
   0.48596  0.08690 -0.15708
   0.46787  0.08835 -0.17172
   0.44982  0.08966 -0.18696
   0.43188  0.09084 -0.20246
   0.41408  0.09185 -0.21782
   0.39645  0.09270 -0.23249
   0.37898  0.09336 -0.24601
   0.36163  0.09382 -0.25808
   0.34440  0.09409 -0.26849
   0.32729  0.09415 -0.27700
   0.31030  0.09400 -0.28360
   0.29344  0.09362 -0.28808
   0.27672  0.09303 -0.29046
   0.26016  0.09221 -0.29060
   0.24379  0.09116 -0.28851
   0.22763  0.08988 -0.28400
   0.21174  0.08836 -0.27675
   0.19615  0.08660 -0.26647
   0.18090  0.08460 -0.25310
   0.16606  0.08238 -0.23640
   0.15171  0.07995 -0.21666
   0.13796  0.07734 -0.19323
   0.12489  0.07456 -0.16587
   0.11257  0.07165 -0.13481
   0.10108  0.06865 -0.10005
   0.09046  0.06560 -0.06233
   0.08074  0.06256 -0.02214
   0.07191  0.05954  0.02135
   0.06392  0.05658  0.06722
   0.05672  0.05368  0.11587
   0.05024  0.05086  0.16672
   0.04440  0.04812  0.22005
   0.03913  0.04546  0.27466
   0.03438  0.04287  0.33047
   0.03008  0.04035  0.38906
   0.02620  0.03789  0.45025
   0.02268  0.03549  0.51196
   0.01949  0.03313  0.57426
   0.01660  0.03082  0.63807
   0.01398  0.02853  0.70217
   0.01163  0.02626  0.76622
   0.00950  0.02401  0.82760
   0.00760  0.02178  0.88320
   0.00592  0.01956  0.93251
   0.00445  0.01734  0.97137
   0.00319  0.01514  0.99495
   0.00215  0.01295  0.99894
   0.00131  0.01077  0.97906
   0.00067  0.00859  0.93218
   0.00023  0.00644  0.85710
  -0.00003  0.00431  0.75253
  -0.00011  0.00221  0.62078
  -0.00001  0.00013  0.46084
   0.00028 -0.00195  0.28729
   0.00077 -0.00403  0.10252
   0.00145 -0.00612 -0.08746
   0.00233 -0.00822 -0.27953
   0.00343 -0.01032 -0.46796
   0.00476 -0.01241 -0.63915
   0.00631 -0.01448 -0.78478
   0.00810 -0.01651 -0.90070
   0.01013 -0.01851 -0.98909
   0.01238 -0.02046 -1.05402
   0.01485 -0.02238 -1.10341
   0.01757 -0.02427 -1.14010
   0.02054 -0.02613 -1.16311
   0.02380 -0.02797 -1.17345
   0.02739 -0.02980 -1.17383
   0.03132 -0.03162 -1.16869
   0.03564 -0.03344 -1.15826
   0.04040 -0.03525 -1.14259
   0.04564 -0.03706 -1.12165
   0.05143 -0.03886 -1.09788
   0.05784 -0.04067 -1.07134
   0.06495 -0.04246 -1.04186
   0.07287 -0.04424 -1.00978
   0.08166 -0.04599 -0.97622
   0.09140 -0.04769 -0.94084
   0.10214 -0.04932 -0.90400
   0.11390 -0.05084 -0.86658
   0.12665 -0.05224 -0.82862
   0.14035 -0.05348 -0.79106
   0.15491 -0.05455 -0.75440
   0.17020 -0.05543 -0.71909
   0.18612 -0.05611 -0.68557
   0.20258 -0.05661 -0.65416
   0.21948 -0.05692 -0.62510
   0.23676 -0.05705 -0.59849
   0.25434 -0.05702 -0.57429
   0.27219 -0.05684 -0.55238
   0.29027 -0.05652 -0.53254
   0.30856 -0.05607 -0.51456
   0.32702 -0.05552 -0.49834
   0.34565 -0.05486 -0.48371
   0.36440 -0.05413 -0.47049
   0.38322 -0.05331 -0.45850
   0.40208 -0.05243 -0.44758
   0.42093 -0.05149 -0.43760
   0.43976 -0.05047 -0.42846
   0.45859 -0.04936 -0.42004
   0.47746 -0.04818 -0.41224
   0.49642 -0.04692 -0.40498
   0.51544 -0.04560 -0.39817
   0.53452 -0.04423 -0.39175
   0.55364 -0.04280 -0.38568
   0.57279 -0.04132 -0.37988
   0.59199 -0.03979 -0.37431
   0.61123 -0.03823 -0.36891
   0.63052 -0.03663 -0.36365
   0.64985 -0.03499 -0.35847
   0.66919 -0.03334 -0.35333
   0.68854 -0.03165 -0.34819
   0.70789 -0.02994 -0.34300
   0.72725 -0.02821 -0.33771
   0.74664 -0.02645 -0.33223
   0.76603 -0.02467 -0.29981
   0.78541 -0.02287 -0.24623
   0.80477 -0.02106 -0.19666
   0.82409 -0.01923 -0.15691
   0.84336 -0.01739 -0.12598
   0.86253 -0.01554 -0.10274
   0.88153 -0.01368 -0.08585
   0.90022 -0.01184 -0.07383
   0.91844 -0.01002 -0.06528
   0.93595 -0.00824 -0.05926
   0.95244 -0.00655 -0.05514
   0.96758 -0.00498 -0.05248
   0.98112 -0.00357 -0.05157
   0.99298 -0.00231 -0.05098
   1.00000 -0.00157 -0.05750
