NACA 2415                                       
 Alfa =   8.30000 Re =   385950.313 Xflap,Yflap =     0.000000    0.000000
#    x        y        Cp  
   1.00000  0.00157  0.15187
   0.99318  0.00326  0.14697
   0.98173  0.00600  0.13720
   0.96880  0.00906  0.12360
   0.95446  0.01238  0.10583
   0.93889  0.01591  0.08351
   0.92241  0.01956  0.05694
   0.90530  0.02327  0.02683
   0.88776  0.02697 -0.00568
   0.86990  0.03064 -0.03988
   0.85186  0.03426 -0.07511
   0.83372  0.03780 -0.11066
   0.81551  0.04126 -0.14596
   0.79724  0.04464 -0.18085
   0.77892  0.04793 -0.21530
   0.76059  0.05113 -0.24934
   0.74224  0.05423 -0.28281
   0.72388  0.05724 -0.31572
   0.70551  0.06016 -0.34838
   0.68713  0.06297 -0.38079
   0.66875  0.06569 -0.41308
   0.65038  0.06831 -0.44536
   0.63203  0.07083 -0.47772
   0.61369  0.07324 -0.51006
   0.59536  0.07554 -0.54262
   0.57704  0.07773 -0.57557
   0.55874  0.07980 -0.60889
   0.54048  0.08177 -0.64307
   0.52226  0.08361 -0.67782
   0.50409  0.08532 -0.71322
   0.48596  0.08690 -0.74903
   0.46787  0.08835 -0.78588
   0.44982  0.08966 -0.82424
   0.43188  0.09084 -0.86525
   0.41408  0.09185 -0.90811
   0.39645  0.09270 -0.95136
   0.37898  0.09336 -0.99411
   0.36163  0.09382 -1.03618
   0.34440  0.09409 -1.07789
   0.32729  0.09415 -1.11861
   0.31030  0.09400 -1.15826
   0.29344  0.09362 -1.19682
   0.27672  0.09303 -1.23432
   0.26016  0.09221 -1.27186
   0.24379  0.09116 -1.31697
   0.22763  0.08988 -1.38798
   0.21174  0.08836 -1.51049
   0.19615  0.08660 -1.59152
   0.18090  0.08460 -1.62858
   0.16606  0.08238 -1.66987
   0.15171  0.07995 -1.71480
   0.13796  0.07734 -1.76331
   0.12489  0.07456 -1.81522
   0.11257  0.07165 -1.87040
   0.10108  0.06865 -1.92833
   0.09046  0.06560 -1.98874
   0.08074  0.06256 -2.05148
   0.07191  0.05954 -2.11526
   0.06392  0.05658 -2.17928
   0.05672  0.05368 -2.24401
   0.05024  0.05086 -2.30815
   0.04440  0.04812 -2.37146
   0.03913  0.04546 -2.43455
   0.03438  0.04287 -2.49895
   0.03008  0.04035 -2.56076
   0.02620  0.03789 -2.61775
   0.02268  0.03549 -2.67252
   0.01949  0.03313 -2.72649
   0.01660  0.03082 -2.77482
   0.01398  0.02853 -2.81058
   0.01163  0.02626 -2.83000
   0.00950  0.02401 -2.83601
   0.00760  0.02178 -2.83233
   0.00592  0.01956 -2.81153
   0.00445  0.01734 -2.75724
   0.00319  0.01514 -2.65995
   0.00215  0.01295 -2.51022
   0.00131  0.01077 -2.30257
   0.00067  0.00859 -2.05435
   0.00023  0.00644 -1.77942
  -0.00003  0.00431 -1.49492
  -0.00011  0.00221 -1.19491
  -0.00001  0.00013 -0.88157
   0.00028 -0.00195 -0.55567
   0.00077 -0.00403 -0.24294
   0.00145 -0.00612  0.04008
   0.00233 -0.00822  0.28657
   0.00343 -0.01032  0.49633
   0.00476 -0.01241  0.66929
   0.00631 -0.01448  0.80157
   0.00810 -0.01651  0.89639
   0.01013 -0.01851  0.95619
   0.01238 -0.02046  0.98902
   0.01485 -0.02238  0.99987
   0.01757 -0.02427  0.99458
   0.02054 -0.02613  0.97684
   0.02380 -0.02797  0.95037
   0.02739 -0.02980  0.91728
   0.03132 -0.03162  0.87943
   0.03564 -0.03344  0.83800
   0.04040 -0.03525  0.79462
   0.04564 -0.03706  0.75067
   0.05143 -0.03886  0.70567
   0.05784 -0.04067  0.66032
   0.06495 -0.04246  0.61576
   0.07287 -0.04424  0.57228
   0.08166 -0.04599  0.52938
   0.09140 -0.04769  0.48833
   0.10214 -0.04932  0.44969
   0.11390 -0.05084  0.41324
   0.12665 -0.05224  0.37990
   0.14035 -0.05348  0.34968
   0.15491 -0.05455  0.32219
   0.17020 -0.05543  0.29804
   0.18612 -0.05611  0.27693
   0.20258 -0.05661  0.25850
   0.21948 -0.05692  0.24259
   0.23676 -0.05705  0.22872
   0.25434 -0.05702  0.21687
   0.27219 -0.05684  0.20658
   0.29027 -0.05652  0.19779
   0.30856 -0.05607  0.19016
   0.32702 -0.05552  0.18328
   0.34565 -0.05486  0.17714
   0.36440 -0.05413  0.17093
   0.38322 -0.05331  0.16484
   0.40208 -0.05243  0.15888
   0.42093 -0.05149  0.15288
   0.43976 -0.05047  0.14744
   0.45859 -0.04936  0.14311
   0.47746 -0.04818  0.13999
   0.49642 -0.04692  0.13755
   0.51544 -0.04560  0.13546
   0.53452 -0.04423  0.13371
   0.55364 -0.04280  0.13231
   0.57279 -0.04132  0.13110
   0.59199 -0.03979  0.13013
   0.61123 -0.03823  0.12950
   0.63052 -0.03663  0.12890
   0.64985 -0.03499  0.12841
   0.66919 -0.03334  0.12774
   0.68854 -0.03165  0.12721
   0.70789 -0.02994  0.12676
   0.72725 -0.02821  0.12665
   0.74664 -0.02645  0.12660
   0.76603 -0.02467  0.12659
   0.78541 -0.02287  0.12653
   0.80477 -0.02106  0.12678
   0.82409 -0.01923  0.12730
   0.84336 -0.01739  0.12802
   0.86253 -0.01554  0.12900
   0.88153 -0.01368  0.13021
   0.90022 -0.01184  0.13184
   0.91844 -0.01002  0.13421
   0.93595 -0.00824  0.13719
   0.95244 -0.00655  0.14079
   0.96758 -0.00498  0.14490
   0.98112 -0.00357  0.14872
   0.99298 -0.00231  0.15337
   1.00000 -0.00157  0.15187
