NACA 2415                                       
 Alfa =  -8.40000 Re =   617520.500 Xflap,Yflap =     0.000000    0.000000
#    x        y        Cp  
   1.00000  0.00157  0.20025
   0.99318  0.00326  0.15983
   0.98173  0.00600  0.08677
   0.96880  0.00906  0.02944
   0.95446  0.01238  0.02772
   0.93889  0.01591  0.02593
   0.92241  0.01956  0.02373
   0.90530  0.02327  0.02078
   0.88776  0.02697  0.01675
   0.86990  0.03064  0.01143
   0.85186  0.03426  0.00499
   0.83372  0.03780 -0.00287
   0.81551  0.04126 -0.01210
   0.79724  0.04464 -0.02195
   0.77892  0.04793 -0.03176
   0.76059  0.05113 -0.04111
   0.74224  0.05423 -0.04967
   0.72388  0.05724 -0.05740
   0.70551  0.06016 -0.06432
   0.68713  0.06297 -0.07073
   0.66875  0.06569 -0.07635
   0.65038  0.06831 -0.08153
   0.63203  0.07083 -0.08604
   0.61369  0.07324 -0.09002
   0.59536  0.07554 -0.09342
   0.57704  0.07773 -0.09633
   0.55874  0.07980 -0.09882
   0.54048  0.08177 -0.10094
   0.52226  0.08361 -0.10258
   0.50409  0.08532 -0.10355
   0.48596  0.08690 -0.10401
   0.46787  0.08835 -0.10386
   0.44982  0.08966 -0.10364
   0.43188  0.09084 -0.10355
   0.41408  0.09185 -0.10307
   0.39645  0.09270 -0.10128
   0.37898  0.09336 -0.09761
   0.36163  0.09382 -0.09204
   0.34440  0.09409 -0.08447
   0.32729  0.09415 -0.07464
   0.31030  0.09400 -0.06257
   0.29344  0.09362 -0.04843
   0.27672  0.09303 -0.03182
   0.26016  0.09221 -0.01269
   0.24379  0.09116  0.00862
   0.22763  0.08988  0.03271
   0.21174  0.08836  0.05963
   0.19615  0.08660  0.09000
   0.18090  0.08460  0.12368
   0.16606  0.08238  0.16077
   0.15171  0.07995  0.20087
   0.13796  0.07734  0.24413
   0.12489  0.07456  0.29100
   0.11257  0.07165  0.34065
   0.10108  0.06865  0.39301
   0.09046  0.06560  0.44686
   0.08074  0.06256  0.50124
   0.07191  0.05954  0.55632
   0.06392  0.05658  0.61156
   0.05672  0.05368  0.66564
   0.05024  0.05086  0.71851
   0.04440  0.04812  0.76973
   0.03913  0.04546  0.81824
   0.03438  0.04287  0.86275
   0.03008  0.04035  0.90353
   0.02620  0.03789  0.93922
   0.02268  0.03549  0.96818
   0.01949  0.03313  0.98885
   0.01660  0.03082  0.99929
   0.01398  0.02853  0.99669
   0.01163  0.02626  0.97775
   0.00950  0.02401  0.93907
   0.00760  0.02178  0.87546
   0.00592  0.01956  0.78001
   0.00445  0.01734  0.65056
   0.00319  0.01514  0.47850
   0.00215  0.01295  0.26598
   0.00131  0.01077  0.01475
   0.00067  0.00859 -0.27318
   0.00023  0.00644 -0.59470
  -0.00003  0.00431 -0.94654
  -0.00011  0.00221 -1.32818
  -0.00001  0.00013 -1.71192
   0.00028 -0.00195 -2.06789
   0.00077 -0.00403 -2.38740
   0.00145 -0.00612 -2.67952
   0.00233 -0.00822 -2.94324
   0.00343 -0.01032 -3.17079
   0.00476 -0.01241 -3.33620
   0.00631 -0.01448 -3.42344
   0.00810 -0.01651 -3.44589
   0.01013 -0.01851 -3.41675
   0.01238 -0.02046 -3.35374
   0.01485 -0.02238 -3.27714
   0.01757 -0.02427 -3.18937
   0.02054 -0.02613 -3.08826
   0.02380 -0.02797 -2.97723
   0.02739 -0.02980 -2.86779
   0.03132 -0.03162 -2.76835
   0.03564 -0.03344 -2.68115
   0.04040 -0.03525 -2.60619
   0.04564 -0.03706 -2.54413
   0.05143 -0.03886 -2.49158
   0.05784 -0.04067 -2.44303
   0.06495 -0.04246 -2.39187
   0.07287 -0.04424 -1.91618
   0.08166 -0.04599 -1.76049
   0.09140 -0.04769 -1.68163
   0.10214 -0.04932 -1.60229
   0.11390 -0.05084 -1.51980
   0.12665 -0.05224 -1.43357
   0.14035 -0.05348 -1.34952
   0.15491 -0.05455 -1.26884
   0.17020 -0.05543 -1.19120
   0.18612 -0.05611 -1.11844
   0.20258 -0.05661 -1.04962
   0.21948 -0.05692 -0.98557
   0.23676 -0.05705 -0.92556
   0.25434 -0.05702 -0.86935
   0.27219 -0.05684 -0.81706
   0.29027 -0.05652 -0.76777
   0.30856 -0.05607 -0.72177
   0.32702 -0.05552 -0.67898
   0.34565 -0.05486 -0.63915
   0.36440 -0.05413 -0.60303
   0.38322 -0.05331 -0.56983
   0.40208 -0.05243 -0.53910
   0.42093 -0.05149 -0.51068
   0.43976 -0.05047 -0.48342
   0.45859 -0.04936 -0.45601
   0.47746 -0.04818 -0.42856
   0.49642 -0.04692 -0.40160
   0.51544 -0.04560 -0.37559
   0.53452 -0.04423 -0.35040
   0.55364 -0.04280 -0.32589
   0.57279 -0.04132 -0.30198
   0.59199 -0.03979 -0.27865
   0.61123 -0.03823 -0.25571
   0.63052 -0.03663 -0.23338
   0.64985 -0.03499 -0.21155
   0.66919 -0.03334 -0.19031
   0.68854 -0.03165 -0.16947
   0.70789 -0.02994 -0.14874
   0.72725 -0.02821 -0.12795
   0.74664 -0.02645 -0.10712
   0.76603 -0.02467 -0.08648
   0.78541 -0.02287 -0.06579
   0.80477 -0.02106 -0.04474
   0.82409 -0.01923 -0.02331
   0.84336 -0.01739 -0.00148
   0.86253 -0.01554  0.02079
   0.88153 -0.01368  0.04344
   0.90022 -0.01184  0.06651
   0.91844 -0.01002  0.08993
   0.93595 -0.00824  0.11321
   0.95244 -0.00655  0.13566
   0.96758 -0.00498  0.15662
   0.98112 -0.00357  0.17525
   0.99298 -0.00231  0.19179
   1.00000 -0.00157  0.20025
