NACA 2415                                       
 Alfa =   1.80000 Re =   887685.750 Xflap,Yflap =     0.000000    0.000000
#    x        y        Cp  
   1.00000  0.00157  0.24739
   0.99318  0.00326  0.22735
   0.98173  0.00600  0.19280
   0.96880  0.00906  0.15349
   0.95446  0.01238  0.11375
   0.93889  0.01591  0.07403
   0.92241  0.01956  0.03571
   0.90530  0.02327 -0.00043
   0.88776  0.02697 -0.03336
   0.86990  0.03064 -0.06401
   0.85186  0.03426 -0.09307
   0.83372  0.03780 -0.12056
   0.81551  0.04126 -0.14620
   0.79724  0.04464 -0.17046
   0.77892  0.04793 -0.19380
   0.76059  0.05113 -0.21649
   0.74224  0.05423 -0.23823
   0.72388  0.05724 -0.25903
   0.70551  0.06016 -0.27929
   0.68713  0.06297 -0.29913
   0.66875  0.06569 -0.31821
   0.65038  0.06831 -0.33681
   0.63203  0.07083 -0.35466
   0.61369  0.07324 -0.37134
   0.59536  0.07554 -0.38675
   0.57704  0.07773 -0.40104
   0.55874  0.07980 -0.41680
   0.54048  0.08177 -0.44806
   0.52226  0.08361 -0.52118
   0.50409  0.08532 -0.55556
   0.48596  0.08690 -0.56831
   0.46787  0.08835 -0.58260
   0.44982  0.08966 -0.59814
   0.43188  0.09084 -0.61517
   0.41408  0.09185 -0.63382
   0.39645  0.09270 -0.65381
   0.37898  0.09336 -0.67438
   0.36163  0.09382 -0.69496
   0.34440  0.09409 -0.71513
   0.32729  0.09415 -0.73438
   0.31030  0.09400 -0.75274
   0.29344  0.09362 -0.77004
   0.27672  0.09303 -0.78638
   0.26016  0.09221 -0.80154
   0.24379  0.09116 -0.81584
   0.22763  0.08988 -0.82942
   0.21174  0.08836 -0.84134
   0.19615  0.08660 -0.85156
   0.18090  0.08460 -0.86019
   0.16606  0.08238 -0.86704
   0.15171  0.07995 -0.87265
   0.13796  0.07734 -0.87663
   0.12489  0.07456 -0.87758
   0.11257  0.07165 -0.87635
   0.10108  0.06865 -0.87219
   0.09046  0.06560 -0.86596
   0.08074  0.06256 -0.85919
   0.07191  0.05954 -0.84910
   0.06392  0.05658 -0.83500
   0.05672  0.05368 -0.81942
   0.05024  0.05086 -0.80018
   0.04440  0.04812 -0.77630
   0.03913  0.04546 -0.75048
   0.03438  0.04287 -0.72285
   0.03008  0.04035 -0.69126
   0.02620  0.03789 -0.65017
   0.02268  0.03549 -0.60625
   0.01949  0.03313 -0.55878
   0.01660  0.03082 -0.50452
   0.01398  0.02853 -0.44134
   0.01163  0.02626 -0.36280
   0.00950  0.02401 -0.27775
   0.00760  0.02178 -0.18524
   0.00592  0.01956 -0.08452
   0.00445  0.01734  0.02861
   0.00319  0.01514  0.15503
   0.00215  0.01295  0.28884
   0.00131  0.01077  0.42846
   0.00067  0.00859  0.56751
   0.00023  0.00644  0.69106
  -0.00003  0.00431  0.79820
  -0.00011  0.00221  0.88678
  -0.00001  0.00013  0.95098
   0.00028 -0.00195  0.98939
   0.00077 -0.00403  0.99980
   0.00145 -0.00612  0.98332
   0.00233 -0.00822  0.94201
   0.00343 -0.01032  0.87842
   0.00476 -0.01241  0.79974
   0.00631 -0.01448  0.71172
   0.00810 -0.01651  0.61995
   0.01013 -0.01851  0.53173
   0.01238 -0.02046  0.44741
   0.01485 -0.02238  0.36800
   0.01757 -0.02427  0.29197
   0.02054 -0.02613  0.22460
   0.02380 -0.02797  0.16465
   0.02739 -0.02980  0.11297
   0.03132 -0.03162  0.06316
   0.03564 -0.03344  0.01811
   0.04040 -0.03525 -0.02097
   0.04564 -0.03706 -0.05434
   0.05143 -0.03886 -0.08427
   0.05784 -0.04067 -0.11181
   0.06495 -0.04246 -0.13428
   0.07287 -0.04424 -0.15322
   0.08166 -0.04599 -0.16959
   0.09140 -0.04769 -0.18289
   0.10214 -0.04932 -0.19214
   0.11390 -0.05084 -0.19894
   0.12665 -0.05224 -0.20244
   0.14035 -0.05348 -0.20334
   0.15491 -0.05455 -0.20247
   0.17020 -0.05543 -0.19941
   0.18612 -0.05611 -0.19474
   0.20258 -0.05661 -0.18847
   0.21948 -0.05692 -0.18159
   0.23676 -0.05705 -0.17377
   0.25434 -0.05702 -0.16550
   0.27219 -0.05684 -0.15684
   0.29027 -0.05652 -0.14790
   0.30856 -0.05607 -0.13896
   0.32702 -0.05552 -0.13031
   0.34565 -0.05486 -0.12184
   0.36440 -0.05413 -0.11445
   0.38322 -0.05331 -0.10773
   0.40208 -0.05243 -0.10170
   0.42093 -0.05149 -0.09629
   0.43976 -0.05047 -0.09080
   0.45859 -0.04936 -0.08460
   0.47746 -0.04818 -0.07759
   0.49642 -0.04692 -0.07026
   0.51544 -0.04560 -0.06292
   0.53452 -0.04423 -0.05554
   0.55364 -0.04280 -0.04812
   0.57279 -0.04132 -0.04077
   0.59199 -0.03979 -0.03341
   0.61123 -0.03823 -0.02607
   0.63052 -0.03663 -0.01886
   0.64985 -0.03499 -0.01182
   0.66919 -0.03334 -0.00505
   0.68854 -0.03165  0.00156
   0.70789 -0.02994  0.00802
   0.72725 -0.02821  0.01440
   0.74664 -0.02645  0.02054
   0.76603 -0.02467  0.02632
   0.78541 -0.02287  0.03160
   0.80477 -0.02106  0.03626
   0.82409 -0.01923  0.03947
   0.84336 -0.01739  0.06078
   0.86253 -0.01554  0.08944
   0.88153 -0.01368  0.10830
   0.90022 -0.01184  0.12088
   0.91844 -0.01002  0.13308
   0.93595 -0.00824  0.14695
   0.95244 -0.00655  0.16353
   0.96758 -0.00498  0.18366
   0.98112 -0.00357  0.20612
   0.99298 -0.00231  0.23790
   1.00000 -0.00157  0.24739
