NACA 2415                                       
 Alfa =  -6.60000 Re =   385950.313 Xflap,Yflap =     0.000000    0.000000
#    x        y        Cp  
   1.00000  0.00157  0.20135
   0.99318  0.00326  0.17184
   0.98173  0.00600  0.11530
   0.96880  0.00906  0.04509
   0.95446  0.01238 -0.01707
   0.93889  0.01591 -0.01900
   0.92241  0.01956 -0.02091
   0.90530  0.02327 -0.02307
   0.88776  0.02697 -0.02572
   0.86990  0.03064 -0.02906
   0.85186  0.03426 -0.03328
   0.83372  0.03780 -0.03855
   0.81551  0.04126 -0.04489
   0.79724  0.04464 -0.05216
   0.77892  0.04793 -0.06063
   0.76059  0.05113 -0.07013
   0.74224  0.05423 -0.08017
   0.72388  0.05724 -0.09024
   0.70551  0.06016 -0.10000
   0.68713  0.06297 -0.10939
   0.66875  0.06569 -0.11816
   0.65038  0.06831 -0.12644
   0.63203  0.07083 -0.13410
   0.61369  0.07324 -0.14123
   0.59536  0.07554 -0.14779
   0.57704  0.07773 -0.15387
   0.55874  0.07980 -0.15954
   0.54048  0.08177 -0.16489
   0.52226  0.08361 -0.16980
   0.50409  0.08532 -0.17415
   0.48596  0.08690 -0.17804
   0.46787  0.08835 -0.18150
   0.44982  0.08966 -0.18491
   0.43188  0.09084 -0.18851
   0.41408  0.09185 -0.19178
   0.39645  0.09270 -0.19383
   0.37898  0.09336 -0.19411
   0.36163  0.09382 -0.19267
   0.34440  0.09409 -0.18921
   0.32729  0.09415 -0.18368
   0.31030  0.09400 -0.17599
   0.29344  0.09362 -0.16624
   0.27672  0.09303 -0.15412
   0.26016  0.09221 -0.13965
   0.24379  0.09116 -0.12302
   0.22763  0.08988 -0.10371
   0.21174  0.08836 -0.08153
   0.19615  0.08660 -0.05599
   0.18090  0.08460 -0.02717
   0.16606  0.08238  0.00519
   0.15171  0.07995  0.04050
   0.13796  0.07734  0.07937
   0.12489  0.07456  0.12206
   0.11257  0.07165  0.16813
   0.10108  0.06865  0.21744
   0.09046  0.06560  0.26877
   0.08074  0.06256  0.32164
   0.07191  0.05954  0.37614
   0.06392  0.05658  0.43208
   0.05672  0.05368  0.48825
   0.05024  0.05086  0.54467
   0.04440  0.04812  0.60154
   0.03913  0.04546  0.65741
   0.03438  0.04287  0.71110
   0.03008  0.04035  0.76384
   0.02620  0.03789  0.81514
   0.02268  0.03549  0.86268
   0.01949  0.03313  0.90538
   0.01660  0.03082  0.94308
   0.01398  0.02853  0.97306
   0.01163  0.02626  0.99319
   0.00950  0.02401  0.99999
   0.00760  0.02178  0.99010
   0.00592  0.01956  0.95867
   0.00445  0.01734  0.90126
   0.00319  0.01514  0.81246
   0.00215  0.01295  0.68823
   0.00131  0.01077  0.52917
   0.00067  0.00859  0.33667
   0.00023  0.00644  0.10909
  -0.00003  0.00431 -0.14874
  -0.00011  0.00221 -0.43789
  -0.00001  0.00013 -0.74115
   0.00028 -0.00195 -1.03560
   0.00077 -0.00403 -1.31387
   0.00145 -0.00612 -1.57741
   0.00233 -0.00822 -1.82536
   0.00343 -0.01032 -2.05045
   0.00476 -0.01241 -2.23009
   0.00631 -0.01448 -2.35175
   0.00810 -0.01651 -2.42150
   0.01013 -0.01851 -2.44550
   0.01238 -0.02046 -2.43976
   0.01485 -0.02238 -2.41873
   0.01757 -0.02427 -2.38640
   0.02054 -0.02613 -2.33831
   0.02380 -0.02797 -2.27590
   0.02739 -0.02980 -2.20559
   0.03132 -0.03162 -2.13372
   0.03564 -0.03344 -2.06036
   0.04040 -0.03525 -1.98490
   0.04564 -0.03706 -1.91000
   0.05143 -0.03886 -1.83885
   0.05784 -0.04067 -1.77288
   0.06495 -0.04246 -1.71284
   0.07287 -0.04424 -1.65896
   0.08166 -0.04599 -1.61146
   0.09140 -0.04769 -1.56899
   0.10214 -0.04932 -1.52912
   0.11390 -0.05084 -1.48803
   0.12665 -0.05224 -1.20694
   0.14035 -0.05348 -1.07477
   0.15491 -0.05455 -1.01897
   0.17020 -0.05543 -0.97061
   0.18612 -0.05611 -0.92177
   0.20258 -0.05661 -0.87235
   0.21948 -0.05692 -0.82466
   0.23676 -0.05705 -0.77824
   0.25434 -0.05702 -0.73393
   0.27219 -0.05684 -0.69191
   0.29027 -0.05652 -0.65186
   0.30856 -0.05607 -0.61411
   0.32702 -0.05552 -0.57877
   0.34565 -0.05486 -0.54561
   0.36440 -0.05413 -0.51572
   0.38322 -0.05331 -0.48810
   0.40208 -0.05243 -0.46259
   0.42093 -0.05149 -0.43902
   0.43976 -0.05047 -0.41625
   0.45859 -0.04936 -0.39315
   0.47746 -0.04818 -0.36965
   0.49642 -0.04692 -0.34656
   0.51544 -0.04560 -0.32416
   0.53452 -0.04423 -0.30242
   0.55364 -0.04280 -0.28119
   0.57279 -0.04132 -0.26046
   0.59199 -0.03979 -0.24011
   0.61123 -0.03823 -0.22014
   0.63052 -0.03663 -0.20055
   0.64985 -0.03499 -0.18147
   0.66919 -0.03334 -0.16289
   0.68854 -0.03165 -0.14461
   0.70789 -0.02994 -0.12642
   0.72725 -0.02821 -0.10809
   0.74664 -0.02645 -0.08967
   0.76603 -0.02467 -0.07140
   0.78541 -0.02287 -0.05308
   0.80477 -0.02106 -0.03431
   0.82409 -0.01923 -0.01512
   0.84336 -0.01739  0.00456
   0.86253 -0.01554  0.02481
   0.88153 -0.01368  0.04556
   0.90022 -0.01184  0.06701
   0.91844 -0.01002  0.08920
   0.93595 -0.00824  0.11171
   0.95244 -0.00655  0.13396
   0.96758 -0.00498  0.15523
   0.98112 -0.00357  0.17462
   0.99298 -0.00231  0.19242
   1.00000 -0.00157  0.20135
