NACA 2415                                       
 Alfa =  -8.16667 Re =    53825.703 Xflap,Yflap =     0.000000    0.000000
#    x        y        Cp  
   1.00000  0.00157 -0.11833
   0.99318  0.00326 -0.12068
   0.98173  0.00600 -0.12492
   0.96880  0.00906 -0.13000
   0.95446  0.01238 -0.13581
   0.93889  0.01591 -0.14236
   0.92241  0.01956 -0.14947
   0.90530  0.02327 -0.15694
   0.88776  0.02697 -0.16450
   0.86990  0.03064 -0.17206
   0.85186  0.03426 -0.17957
   0.83372  0.03780 -0.18691
   0.81551  0.04126 -0.19395
   0.79724  0.04464 -0.20068
   0.77892  0.04793 -0.20715
   0.76059  0.05113 -0.21336
   0.74224  0.05423 -0.21923
   0.72388  0.05724 -0.22477
   0.70551  0.06016 -0.23003
   0.68713  0.06297 -0.23507
   0.66875  0.06569 -0.23979
   0.65038  0.06831 -0.24430
   0.63203  0.07083 -0.24853
   0.61369  0.07324 -0.25249
   0.59536  0.07554 -0.25617
   0.57704  0.07773 -0.25961
   0.55874  0.07980 -0.26284
   0.54048  0.08177 -0.26589
   0.52226  0.08361 -0.26868
   0.50409  0.08532 -0.27116
   0.48596  0.08690 -0.27334
   0.46787  0.08835 -0.27527
   0.44982  0.08966 -0.27712
   0.43188  0.09084 -0.27894
   0.41408  0.09185 -0.28031
   0.39645  0.09270 -0.28060
   0.37898  0.09336 -0.27940
   0.36163  0.09382 -0.27657
   0.34440  0.09409 -0.27197
   0.32729  0.09415 -0.26546
   0.31030  0.09400 -0.25696
   0.29344  0.09362 -0.24647
   0.27672  0.09303 -0.23388
   0.26016  0.09221 -0.21903
   0.24379  0.09116 -0.20200
   0.22763  0.08988 -0.18257
   0.21174  0.08836 -0.16033
   0.19615  0.08660 -0.13497
   0.18090  0.08460 -0.10666
   0.16606  0.08238 -0.07499
   0.15171  0.07995 -0.04043
   0.13796  0.07734 -0.00262
   0.12489  0.07456  0.03883
   0.11257  0.07165  0.08342
   0.10108  0.06865  0.13084
   0.09046  0.06560  0.18044
   0.08074  0.06256  0.23148
   0.07191  0.05954  0.28425
   0.06392  0.05658  0.33833
   0.05672  0.05368  0.39337
   0.05024  0.05086  0.44893
   0.04440  0.04812  0.50503
   0.03913  0.04546  0.56060
   0.03438  0.04287  0.61554
   0.03008  0.04035  0.67037
   0.02620  0.03789  0.72477
   0.02268  0.03549  0.77700
   0.01949  0.03313  0.82679
   0.01660  0.03082  0.87361
   0.01398  0.02853  0.91596
   0.01163  0.02626  0.95247
   0.00950  0.02401  0.98014
   0.00760  0.02178  0.99680
   0.00592  0.01956  0.99881
   0.00445  0.01734  0.98248
   0.00319  0.01514  0.94341
   0.00215  0.01295  0.87854
   0.00131  0.01077  0.78493
   0.00067  0.00859  0.66512
   0.00023  0.00644  0.51679
  -0.00003  0.00431  0.34348
  -0.00011  0.00221  0.14650
  -0.00001  0.00013 -0.06544
   0.00028 -0.00195 -0.27754
   0.00077 -0.00403 -0.48302
   0.00145 -0.00612 -0.67852
   0.00233 -0.00822 -0.86124
   0.00343 -0.01032 -1.02585
   0.00476 -0.01241 -1.15825
   0.00631 -0.01448 -1.25082
   0.00810 -0.01651 -1.30427
   0.01013 -0.01851 -1.32326
   0.01238 -0.02046 -1.31625
   0.01485 -0.02238 -1.29122
   0.01757 -0.02427 -1.25196
   0.02054 -0.02613 -1.20026
   0.02380 -0.02797 -1.13987
   0.02739 -0.02980 -1.07652
   0.03132 -0.03162 -1.01613
   0.03564 -0.03344 -0.96256
   0.04040 -0.03525 -0.91719
   0.04564 -0.03706 -0.88073
   0.05143 -0.03886 -0.85304
   0.05784 -0.04067 -0.83245
   0.06495 -0.04246 -0.81728
   0.07287 -0.04424 -0.80614
   0.08166 -0.04599 -0.79793
   0.09140 -0.04769 -0.79185
   0.10214 -0.04932 -0.78726
   0.11390 -0.05084 -0.78368
   0.12665 -0.05224 -0.78079
   0.14035 -0.05348 -0.77832
   0.15491 -0.05455 -0.77615
   0.17020 -0.05543 -0.77416
   0.18612 -0.05611 -0.77229
   0.20258 -0.05661 -0.77050
   0.21948 -0.05692 -0.76876
   0.23676 -0.05705 -0.76705
   0.25434 -0.05702 -0.76536
   0.27219 -0.05684 -0.76368
   0.29027 -0.05652 -0.76202
   0.30856 -0.05607 -0.76035
   0.32702 -0.05552 -0.75867
   0.34565 -0.05486 -0.75696
   0.36440 -0.05413 -0.75521
   0.38322 -0.05331 -0.70847
   0.40208 -0.05243 -0.64451
   0.42093 -0.05149 -0.59798
   0.43976 -0.05047 -0.55950
   0.45859 -0.04936 -0.52641
   0.47746 -0.04818 -0.49698
   0.49642 -0.04692 -0.47017
   0.51544 -0.04560 -0.44549
   0.53452 -0.04423 -0.42261
   0.55364 -0.04280 -0.40128
   0.57279 -0.04132 -0.38130
   0.59199 -0.03979 -0.36252
   0.61123 -0.03823 -0.34481
   0.63052 -0.03663 -0.32805
   0.64985 -0.03499 -0.31216
   0.66919 -0.03334 -0.29707
   0.68854 -0.03165 -0.28273
   0.70789 -0.02994 -0.26908
   0.72725 -0.02821 -0.25604
   0.74664 -0.02645 -0.24356
   0.76603 -0.02467 -0.23161
   0.78541 -0.02287 -0.22017
   0.80477 -0.02106 -0.20920
   0.82409 -0.01923 -0.19868
   0.84336 -0.01739 -0.18858
   0.86253 -0.01554 -0.17889
   0.88153 -0.01368 -0.16964
   0.90022 -0.01184 -0.16084
   0.91844 -0.01002 -0.15254
   0.93595 -0.00824 -0.14481
   0.95244 -0.00655 -0.13773
   0.96758 -0.00498 -0.13141
   0.98112 -0.00357 -0.12587
   0.99298 -0.00231 -0.12112
   1.00000 -0.00157 -0.11833
