NACA 2415                                       
 Alfa =  21.80000 Re =   370512.313 Xflap,Yflap =     0.000000    0.000000
#    x        y        Cp  
   1.00000  0.00157 -0.34512
   0.99318  0.00326 -0.34659
   0.98173  0.00600 -0.34910
   0.96880  0.00906 -0.35195
   0.95446  0.01238 -0.35514
   0.93889  0.01591 -0.35866
   0.92241  0.01956 -0.36245
   0.90530  0.02327 -0.36645
   0.88776  0.02697 -0.37064
   0.86990  0.03064 -0.37498
   0.85186  0.03426 -0.37947
   0.83372  0.03780 -0.38408
   0.81551  0.04126 -0.38881
   0.79724  0.04464 -0.39367
   0.77892  0.04793 -0.39865
   0.76059  0.05113 -0.40376
   0.74224  0.05423 -0.40899
   0.72388  0.05724 -0.41435
   0.70551  0.06016 -0.41984
   0.68713  0.06297 -0.42547
   0.66875  0.06569 -0.43123
   0.65038  0.06831 -0.43713
   0.63203  0.07083 -0.44317
   0.61369  0.07324 -0.44935
   0.59536  0.07554 -0.45567
   0.57704  0.07773 -0.46214
   0.55874  0.07980 -0.46875
   0.54048  0.08177 -0.47550
   0.52226  0.08361 -0.48239
   0.50409  0.08532 -0.48944
   0.48596  0.08690 -0.49664
   0.46787  0.08835 -0.50402
   0.44982  0.08966 -0.51159
   0.43188  0.09084 -0.51935
   0.41408  0.09185 -0.52732
   0.39645  0.09270 -0.53552
   0.37898  0.09336 -0.54400
   0.36163  0.09382 -0.55278
   0.34440  0.09409 -0.56186
   0.32729  0.09415 -0.57113
   0.31030  0.09400 -0.58008
   0.29344  0.09362 -0.58662
   0.27672  0.09303 -0.59402
   0.26016  0.09221 -0.63482
   0.24379  0.09116 -0.70462
   0.22763  0.08988 -0.80235
   0.21174  0.08836 -0.92425
   0.19615  0.08660 -1.06514
   0.18090  0.08460 -1.21912
   0.16606  0.08238 -1.38154
   0.15171  0.07995 -1.55029
   0.13796  0.07734 -1.72361
   0.12489  0.07456 -1.89977
   0.11257  0.07165 -2.07945
   0.10108  0.06865 -2.26152
   0.09046  0.06560 -2.44682
   0.08074  0.06256 -2.63645
   0.07191  0.05954 -2.82579
   0.06392  0.05658 -3.01265
   0.05672  0.05368 -3.19859
   0.05024  0.05086 -3.38521
   0.04440  0.04812 -3.60133
   0.03913  0.04546 -3.94643
   0.03438  0.04287 -4.63441
   0.03008  0.04035 -5.76275
   0.02620  0.03789 -5.82493
   0.02268  0.03549 -5.85990
   0.01949  0.03313 -5.89437
   0.01660  0.03082 -5.93477
   0.01398  0.02853 -5.98966
   0.01163  0.02626 -6.07039
   0.00950  0.02401 -6.19152
   0.00760  0.02178 -6.36215
   0.00592  0.01956 -6.58793
   0.00445  0.01734 -6.84052
   0.00319  0.01514 -7.05380
   0.00215  0.01295 -7.17230
   0.00131  0.01077 -7.15651
   0.00067  0.00859 -7.03341
   0.00023  0.00644 -6.81395
  -0.00003  0.00431 -6.52970
  -0.00011  0.00221 -6.15465
  -0.00001  0.00013 -5.68389
   0.00028 -0.00195 -5.08466
   0.00077 -0.00403 -4.44439
   0.00145 -0.00612 -3.79071
   0.00233 -0.00822 -3.15374
   0.00343 -0.01032 -2.54581
   0.00476 -0.01241 -1.95772
   0.00631 -0.01448 -1.41207
   0.00810 -0.01651 -0.92746
   0.01013 -0.01851 -0.51474
   0.01238 -0.02046 -0.17072
   0.01485 -0.02238  0.10252
   0.01757 -0.02427  0.32512
   0.02054 -0.02613  0.50676
   0.02380 -0.02797  0.64956
   0.02739 -0.02980  0.76194
   0.03132 -0.03162  0.84601
   0.03564 -0.03344  0.90880
   0.04040 -0.03525  0.95282
   0.04564 -0.03706  0.98109
   0.05143 -0.03886  0.99607
   0.05784 -0.04067  0.99992
   0.06495 -0.04246  0.99422
   0.07287 -0.04424  0.98058
   0.08166 -0.04599  0.96002
   0.09140 -0.04769  0.93416
   0.10214 -0.04932  0.90397
   0.11390 -0.05084  0.87079
   0.12665 -0.05224  0.83578
   0.14035 -0.05348  0.79982
   0.15491 -0.05455  0.76376
   0.17020 -0.05543  0.72858
   0.18612 -0.05611  0.69467
   0.20258 -0.05661  0.66239
   0.21948 -0.05692  0.63149
   0.23676 -0.05705  0.60244
   0.25434 -0.05702  0.57513
   0.27219 -0.05684  0.54936
   0.29027 -0.05652  0.52515
   0.30856 -0.05607  0.50206
   0.32702 -0.05552  0.48021
   0.34565 -0.05486  0.45915
   0.36440 -0.05413  0.43855
   0.38322 -0.05331  0.41835
   0.40208 -0.05243  0.39850
   0.42093 -0.05149  0.37887
   0.43976 -0.05047  0.35983
   0.45859 -0.04936  0.34213
   0.47746 -0.04818  0.32549
   0.49642 -0.04692  0.30952
   0.51544 -0.04560  0.29385
   0.53452 -0.04423  0.27849
   0.55364 -0.04280  0.26348
   0.57279 -0.04132  0.24850
   0.59199 -0.03979  0.23371
   0.61123 -0.03823  0.21923
   0.63052 -0.03663  0.20438
   0.64985 -0.03499  0.18963
   0.66919 -0.03334  0.17422
   0.68854 -0.03165  0.15873
   0.70789 -0.02994  0.14280
   0.72725 -0.02821  0.12693
   0.74664 -0.02645  0.11045
   0.76603 -0.02467  0.09338
   0.78541 -0.02287  0.07534
   0.80477 -0.02106  0.05665
   0.82409 -0.01923  0.03725
   0.84336 -0.01739  0.01677
   0.86253 -0.01554 -0.00514
   0.88153 -0.01368 -0.02879
   0.90022 -0.01184 -0.05421
   0.91844 -0.01002 -0.08116
   0.93595 -0.00824 -0.10993
   0.95244 -0.00655 -0.14096
   0.96758 -0.00498 -0.17397
   0.98112 -0.00357 -0.21356
   0.99298 -0.00231 -0.24921
   1.00000 -0.00157 -0.34512
