NACA 2415                                       
 Alfa =  23.60000 Re =   532611.438 Xflap,Yflap =     0.000000    0.000000
#    x        y        Cp  
   1.00000  0.00157 -0.41639
   0.99318  0.00326 -0.41784
   0.98173  0.00600 -0.42030
   0.96880  0.00906 -0.42310
   0.95446  0.01238 -0.42625
   0.93889  0.01591 -0.42973
   0.92241  0.01956 -0.43347
   0.90530  0.02327 -0.43744
   0.88776  0.02697 -0.44160
   0.86990  0.03064 -0.44593
   0.85186  0.03426 -0.45041
   0.83372  0.03780 -0.45504
   0.81551  0.04126 -0.45981
   0.79724  0.04464 -0.46473
   0.77892  0.04793 -0.46980
   0.76059  0.05113 -0.47503
   0.74224  0.05423 -0.48042
   0.72388  0.05724 -0.48598
   0.70551  0.06016 -0.49172
   0.68713  0.06297 -0.49766
   0.66875  0.06569 -0.50379
   0.65038  0.06831 -0.51013
   0.63203  0.07083 -0.51670
   0.61369  0.07324 -0.52349
   0.59536  0.07554 -0.53054
   0.57704  0.07773 -0.53784
   0.55874  0.07980 -0.54542
   0.54048  0.08177 -0.55327
   0.52226  0.08361 -0.56142
   0.50409  0.08532 -0.56987
   0.48596  0.08690 -0.57864
   0.46787  0.08835 -0.58775
   0.44982  0.08966 -0.59721
   0.43188  0.09084 -0.60699
   0.41408  0.09185 -0.61709
   0.39645  0.09270 -0.62751
   0.37898  0.09336 -0.63826
   0.36163  0.09382 -0.64937
   0.34440  0.09409 -0.66088
   0.32729  0.09415 -0.67281
   0.31030  0.09400 -0.68520
   0.29344  0.09362 -0.69811
   0.27672  0.09303 -0.71164
   0.26016  0.09221 -0.72588
   0.24379  0.09116 -0.74088
   0.22763  0.08988 -0.75661
   0.21174  0.08836 -0.77255
   0.19615  0.08660 -0.78507
   0.18090  0.08460 -0.81046
   0.16606  0.08238 -0.90153
   0.15171  0.07995 -1.04701
   0.13796  0.07734 -1.23391
   0.12489  0.07456 -1.44398
   0.11257  0.07165 -1.66541
   0.10108  0.06865 -1.88869
   0.09046  0.06560 -2.11201
   0.08074  0.06256 -2.33753
   0.07191  0.05954 -2.56213
   0.06392  0.05658 -2.78344
   0.05672  0.05368 -3.00510
   0.05024  0.05086 -3.22321
   0.04440  0.04812 -3.43354
   0.03913  0.04546 -3.64789
   0.03438  0.04287 -3.90891
   0.03008  0.04035 -4.35428
   0.02620  0.03789 -5.23742
   0.02268  0.03549 -6.09492
   0.01949  0.03313 -6.13826
   0.01660  0.03082 -6.17753
   0.01398  0.02853 -6.22240
   0.01163  0.02626 -6.28408
   0.00950  0.02401 -6.37729
   0.00760  0.02178 -6.52149
   0.00592  0.01956 -6.72606
   0.00445  0.01734 -6.98887
   0.00319  0.01514 -7.23499
   0.00215  0.01295 -7.38472
   0.00131  0.01077 -7.40980
   0.00067  0.00859 -7.30494
   0.00023  0.00644 -7.11477
  -0.00003  0.00431 -6.84873
  -0.00011  0.00221 -6.48889
  -0.00001  0.00013 -6.02394
   0.00028 -0.00195 -5.43153
   0.00077 -0.00403 -4.77662
   0.00145 -0.00612 -4.11382
   0.00233 -0.00822 -3.45987
   0.00343 -0.01032 -2.83136
   0.00476 -0.01241 -2.22128
   0.00631 -0.01448 -1.64536
   0.00810 -0.01651 -1.13795
   0.01013 -0.01851 -0.69592
   0.01238 -0.02046 -0.32637
   0.01485 -0.02238 -0.03095
   0.01757 -0.02427  0.21193
   0.02054 -0.02613  0.41185
   0.02380 -0.02797  0.57151
   0.02739 -0.02980  0.69941
   0.03132 -0.03162  0.79696
   0.03564 -0.03344  0.87145
   0.04040 -0.03525  0.92610
   0.04564 -0.03706  0.96398
   0.05143 -0.03886  0.98721
   0.05784 -0.04067  0.99840
   0.06495 -0.04246  0.99912
   0.07287 -0.04424  0.99102
   0.08166 -0.04599  0.97536
   0.09140 -0.04769  0.95330
   0.10214 -0.04932  0.92659
   0.11390 -0.05084  0.89588
   0.12665 -0.05224  0.86299
   0.14035 -0.05348  0.82837
   0.15491 -0.05455  0.79333
   0.17020 -0.05543  0.75881
   0.18612 -0.05611  0.72496
   0.20258 -0.05661  0.69251
   0.21948 -0.05692  0.66134
   0.23676 -0.05705  0.63188
   0.25434 -0.05702  0.60385
   0.27219 -0.05684  0.57732
   0.29027 -0.05652  0.55212
   0.30856 -0.05607  0.52819
   0.32702 -0.05552  0.50524
   0.34565 -0.05486  0.48326
   0.36440 -0.05413  0.46146
   0.38322 -0.05331  0.44015
   0.40208 -0.05243  0.41923
   0.42093 -0.05149  0.39834
   0.43976 -0.05047  0.37823
   0.45859 -0.04936  0.35912
   0.47746 -0.04818  0.34138
   0.49642 -0.04692  0.32406
   0.51544 -0.04560  0.30719
   0.53452 -0.04423  0.29033
   0.55364 -0.04280  0.27399
   0.57279 -0.04132  0.25756
   0.59199 -0.03979  0.24132
   0.61123 -0.03823  0.22526
   0.63052 -0.03663  0.20904
   0.64985 -0.03499  0.19264
   0.66919 -0.03334  0.17559
   0.68854 -0.03165  0.15827
   0.70789 -0.02994  0.14059
   0.72725 -0.02821  0.12307
   0.74664 -0.02645  0.10457
   0.76603 -0.02467  0.08549
   0.78541 -0.02287  0.06521
   0.80477 -0.02106  0.04441
   0.82409 -0.01923  0.02256
   0.84336 -0.01739 -0.00047
   0.86253 -0.01554 -0.02518
   0.88153 -0.01368 -0.05172
   0.90022 -0.01184 -0.08055
   0.91844 -0.01002 -0.11096
   0.93595 -0.00824 -0.14352
   0.95244 -0.00655 -0.17871
   0.96758 -0.00498 -0.21610
   0.98112 -0.00357 -0.26103
   0.99298 -0.00231 -0.29994
   1.00000 -0.00157 -0.41639
