NACA 2415                                       
 Alfa =   3.91667 Re =    53825.703 Xflap,Yflap =     0.000000    0.000000
#    x        y        Cp  
   1.00000  0.00157  0.06685
   0.99318  0.00326  0.06114
   0.98173  0.00600  0.05118
   0.96880  0.00906  0.03933
   0.95446  0.01238  0.02546
   0.93889  0.01591  0.00947
   0.92241  0.01956 -0.00861
   0.90530  0.02327 -0.02877
   0.88776  0.02697 -0.05111
   0.86990  0.03064 -0.07589
   0.85186  0.03426 -0.10347
   0.83372  0.03780 -0.13441
   0.81551  0.04126 -0.17053
   0.79724  0.04464 -0.21117
   0.77892  0.04793 -0.25582
   0.76059  0.05113 -0.30525
   0.74224  0.05423 -0.36087
   0.72388  0.05724 -0.42428
   0.70551  0.06016 -0.49931
   0.68713  0.06297 -0.57790
   0.66875  0.06569 -0.58005
   0.65038  0.06831 -0.58200
   0.63203  0.07083 -0.58387
   0.61369  0.07324 -0.58570
   0.59536  0.07554 -0.58754
   0.57704  0.07773 -0.58945
   0.55874  0.07980 -0.59147
   0.54048  0.08177 -0.59366
   0.52226  0.08361 -0.59609
   0.50409  0.08532 -0.59883
   0.48596  0.08690 -0.60201
   0.46787  0.08835 -0.60574
   0.44982  0.08966 -0.61018
   0.43188  0.09084 -0.61554
   0.41408  0.09185 -0.62208
   0.39645  0.09270 -0.63017
   0.37898  0.09336 -0.64022
   0.36163  0.09382 -0.65268
   0.34440  0.09409 -0.66789
   0.32729  0.09415 -0.68591
   0.31030  0.09400 -0.70657
   0.29344  0.09362 -0.73018
   0.27672  0.09303 -0.75640
   0.26016  0.09221 -0.78434
   0.24379  0.09116 -0.81305
   0.22763  0.08988 -0.84172
   0.21174  0.08836 -0.86956
   0.19615  0.08660 -0.89610
   0.18090  0.08460 -0.92116
   0.16606  0.08238 -0.94457
   0.15171  0.07995 -0.96645
   0.13796  0.07734 -0.98647
   0.12489  0.07456 -1.00414
   0.11257  0.07165 -1.01971
   0.10108  0.06865 -1.03289
   0.09046  0.06560 -1.04414
   0.08074  0.06256 -1.05362
   0.07191  0.05954 -1.06020
   0.06392  0.05658 -1.06395
   0.05672  0.05368 -1.06485
   0.05024  0.05086 -1.06257
   0.04440  0.04812 -1.05668
   0.03913  0.04546 -1.04804
   0.03438  0.04287 -1.03705
   0.03008  0.04035 -1.02067
   0.02620  0.03789 -0.99815
   0.02268  0.03549 -0.97106
   0.01949  0.03313 -0.93910
   0.01660  0.03082 -0.89945
   0.01398  0.02853 -0.84854
   0.01163  0.02626 -0.78546
   0.00950  0.02401 -0.71214
   0.00760  0.02178 -0.62913
   0.00592  0.01956 -0.53362
   0.00445  0.01734 -0.42089
   0.00319  0.01514 -0.29035
   0.00215  0.01295 -0.13991
   0.00131  0.01077  0.02353
   0.00067  0.00859  0.19104
   0.00023  0.00644  0.35411
  -0.00003  0.00431  0.50721
  -0.00011  0.00221  0.64581
  -0.00001  0.00013  0.76753
   0.00028 -0.00195  0.86751
   0.00077 -0.00403  0.93992
   0.00145 -0.00612  0.98408
   0.00233 -0.00822  0.99987
   0.00343 -0.01032  0.98971
   0.00476 -0.01241  0.95667
   0.00631 -0.01448  0.90663
   0.00810 -0.01651  0.84417
   0.01013 -0.01851  0.77642
   0.01238 -0.02046  0.70579
   0.01485 -0.02238  0.63558
   0.01757 -0.02427  0.56641
   0.02054 -0.02613  0.49970
   0.02380 -0.02797  0.43799
   0.02739 -0.02980  0.38092
   0.03132 -0.03162  0.32672
   0.03564 -0.03344  0.27536
   0.04040 -0.03525  0.22817
   0.04564 -0.03706  0.18572
   0.05143 -0.03886  0.14649
   0.05784 -0.04067  0.10982
   0.06495 -0.04246  0.07681
   0.07287 -0.04424  0.04741
   0.08166 -0.04599  0.02050
   0.09140 -0.04769 -0.00315
   0.10214 -0.04932 -0.02330
   0.11390 -0.05084 -0.04049
   0.12665 -0.05224 -0.05426
   0.14035 -0.05348 -0.06521
   0.15491 -0.05455 -0.07353
   0.17020 -0.05543 -0.07940
   0.18612 -0.05611 -0.08309
   0.20258 -0.05661 -0.08492
   0.21948 -0.05692 -0.08530
   0.23676 -0.05705 -0.08454
   0.25434 -0.05702 -0.08271
   0.27219 -0.05684 -0.08019
   0.29027 -0.05652 -0.07709
   0.30856 -0.05607 -0.07357
   0.32702 -0.05552 -0.07000
   0.34565 -0.05486 -0.06634
   0.36440 -0.05413 -0.06311
   0.38322 -0.05331 -0.06018
   0.40208 -0.05243 -0.05756
   0.42093 -0.05149 -0.05523
   0.43976 -0.05047 -0.05283
   0.45859 -0.04936 -0.05000
   0.47746 -0.04818 -0.04663
   0.49642 -0.04692 -0.04295
   0.51544 -0.04560 -0.03909
   0.53452 -0.04423 -0.03510
   0.55364 -0.04280 -0.03099
   0.57279 -0.04132 -0.02682
   0.59199 -0.03979 -0.02260
   0.61123 -0.03823 -0.01830
   0.63052 -0.03663 -0.01404
   0.64985 -0.03499 -0.00982
   0.66919 -0.03334 -0.00572
   0.68854 -0.03165 -0.00165
   0.70789 -0.02994  0.00239
   0.72725 -0.02821  0.00648
   0.74664 -0.02645  0.01055
   0.76603 -0.02467  0.01459
   0.78541 -0.02287  0.01858
   0.80477 -0.02106  0.02262
   0.82409 -0.01923  0.02672
   0.84336 -0.01739  0.03084
   0.86253 -0.01554  0.03501
   0.88153 -0.01368  0.03918
   0.90022 -0.01184  0.04338
   0.91844 -0.01002  0.04764
   0.93595 -0.00824  0.05186
   0.95244 -0.00655  0.05593
   0.96758 -0.00498  0.05974
   0.98112 -0.00357  0.06305
   0.99298 -0.00231  0.06610
   1.00000 -0.00157  0.06685
