NACA 2415                                       
 Alfa =  13.40000 Re =   308760.250 Xflap,Yflap =     0.000000    0.000000
#    x        y        Cp  
   1.00000  0.00157 -0.07332
   0.99318  0.00326 -0.07535
   0.98173  0.00600 -0.07877
   0.96880  0.00906 -0.08265
   0.95446  0.01238 -0.08701
   0.93889  0.01591 -0.09181
   0.92241  0.01956 -0.09698
   0.90530  0.02327 -0.10242
   0.88776  0.02697 -0.10812
   0.86990  0.03064 -0.11401
   0.85186  0.03426 -0.12007
   0.83372  0.03780 -0.12626
   0.81551  0.04126 -0.13254
   0.79724  0.04464 -0.13886
   0.77892  0.04793 -0.14511
   0.76059  0.05113 -0.15105
   0.74224  0.05423 -0.15624
   0.72388  0.05724 -0.16031
   0.70551  0.06016 -0.16902
   0.68713  0.06297 -0.18565
   0.66875  0.06569 -0.20786
   0.65038  0.06831 -0.23543
   0.63203  0.07083 -0.26796
   0.61369  0.07324 -0.30492
   0.59536  0.07554 -0.34572
   0.57704  0.07773 -0.38972
   0.55874  0.07980 -0.43632
   0.54048  0.08177 -0.48515
   0.52226  0.08361 -0.53560
   0.50409  0.08532 -0.58744
   0.48596  0.08690 -0.64044
   0.46787  0.08835 -0.69469
   0.44982  0.08966 -0.75057
   0.43188  0.09084 -0.80864
   0.41408  0.09185 -0.86862
   0.39645  0.09270 -0.92972
   0.37898  0.09336 -0.99141
   0.36163  0.09382 -1.05345
   0.34440  0.09409 -1.11634
   0.32729  0.09415 -1.17959
   0.31030  0.09400 -1.24387
   0.29344  0.09362 -1.30902
   0.27672  0.09303 -1.37570
   0.26016  0.09221 -1.44381
   0.24379  0.09116 -1.51423
   0.22763  0.08988 -1.58738
   0.21174  0.08836 -1.66267
   0.19615  0.08660 -1.74036
   0.18090  0.08460 -1.82033
   0.16606  0.08238 -1.90286
   0.15171  0.07995 -1.98919
   0.13796  0.07734 -2.07830
   0.12489  0.07456 -2.16631
   0.11257  0.07165 -2.25268
   0.10108  0.06865 -2.33514
   0.09046  0.06560 -2.41353
   0.08074  0.06256 -2.52787
   0.07191  0.05954 -2.84252
   0.06392  0.05658 -3.45700
   0.05672  0.05368 -3.50977
   0.05024  0.05086 -3.55708
   0.04440  0.04812 -3.60480
   0.03913  0.04546 -3.65713
   0.03438  0.04287 -3.71811
   0.03008  0.04035 -3.79228
   0.02620  0.03789 -3.88228
   0.02268  0.03549 -3.98719
   0.01949  0.03313 -4.10793
   0.01660  0.03082 -4.24257
   0.01398  0.02853 -4.38206
   0.01163  0.02626 -4.51500
   0.00950  0.02401 -4.63780
   0.00760  0.02178 -4.75076
   0.00592  0.01956 -4.84726
   0.00445  0.01734 -4.90098
   0.00319  0.01514 -4.89795
   0.00215  0.01295 -4.81817
   0.00131  0.01077 -4.64751
   0.00067  0.00859 -4.40234
   0.00023  0.00644 -4.10628
  -0.00003  0.00431 -3.77348
  -0.00011  0.00221 -3.39745
  -0.00001  0.00013 -2.97040
   0.00028 -0.00195 -2.48212
   0.00077 -0.00403 -1.98956
   0.00145 -0.00612 -1.51345
   0.00233 -0.00822 -1.06941
   0.00343 -0.01032 -0.66432
   0.00476 -0.01241 -0.29673
   0.00631 -0.01448  0.02595
   0.00810 -0.01651  0.29202
   0.01013 -0.01851  0.50390
   0.01238 -0.02046  0.66798
   0.01485 -0.02238  0.78764
   0.01757 -0.02427  0.87465
   0.02054 -0.02613  0.93506
   0.02380 -0.02797  0.97310
   0.02739 -0.02980  0.99378
   0.03132 -0.03162  1.00000
   0.03564 -0.03344  0.99484
   0.04040 -0.03525  0.98036
   0.04564 -0.03706  0.95896
   0.05143 -0.03886  0.93141
   0.05784 -0.04067  0.89933
   0.06495 -0.04246  0.86370
   0.07287 -0.04424  0.82560
   0.08166 -0.04599  0.78524
   0.09140 -0.04769  0.74390
   0.10214 -0.04932  0.70266
   0.11390 -0.05084  0.66178
   0.12665 -0.05224  0.62226
   0.14035 -0.05348  0.58453
   0.15491 -0.05455  0.54916
   0.17020 -0.05543  0.51621
   0.18612 -0.05611  0.48611
   0.20258 -0.05661  0.45868
   0.21948 -0.05692  0.43357
   0.23676 -0.05705  0.41080
   0.25434 -0.05702  0.39026
   0.27219 -0.05684  0.37139
   0.29027 -0.05652  0.35432
   0.30856 -0.05607  0.33870
   0.32702 -0.05552  0.32405
   0.34565 -0.05486  0.31042
   0.36440 -0.05413  0.29706
   0.38322 -0.05331  0.28400
   0.40208 -0.05243  0.27138
   0.42093 -0.05149  0.25877
   0.43976 -0.05047  0.24698
   0.45859 -0.04936  0.23632
   0.47746 -0.04818  0.22694
   0.49642 -0.04692  0.21827
   0.51544 -0.04560  0.21000
   0.53452 -0.04423  0.20209
   0.55364 -0.04280  0.19458
   0.57279 -0.04132  0.18722
   0.59199 -0.03979  0.18009
   0.61123 -0.03823  0.17333
   0.63052 -0.03663  0.16645
   0.64985 -0.03499  0.15969
   0.66919 -0.03334  0.15252
   0.68854 -0.03165  0.14544
   0.70789 -0.02994  0.13821
   0.72725 -0.02821  0.13120
   0.74664 -0.02645  0.12391
   0.76603 -0.02467  0.11641
   0.78541 -0.02287  0.10834
   0.80477 -0.02106  0.10021
   0.82409 -0.01923  0.09181
   0.84336 -0.01739  0.08292
   0.86253 -0.01554  0.07347
   0.88153 -0.01368  0.06324
   0.90022 -0.01184  0.05220
   0.91844 -0.01002  0.04070
   0.93595 -0.00824  0.02834
   0.95244 -0.00655  0.01510
   0.96758 -0.00498  0.00106
   0.98112 -0.00357 -0.01625
   0.99298 -0.00231 -0.03177
   1.00000 -0.00157 -0.07332
