NACA 2415                                       
 Alfa =  -0.70000 Re =   532611.438 Xflap,Yflap =     0.000000    0.000000
#    x        y        Cp  
   1.00000  0.00157  0.24863
   0.99318  0.00326  0.22491
   0.98173  0.00600  0.18625
   0.96880  0.00906  0.14534
   0.95446  0.01238  0.10707
   0.93889  0.01591  0.07062
   0.92241  0.01956  0.03663
   0.90530  0.02327  0.00544
   0.88776  0.02697 -0.02211
   0.86990  0.03064 -0.04716
   0.85186  0.03426 -0.07038
   0.83372  0.03780 -0.09167
   0.81551  0.04126 -0.11059
   0.79724  0.04464 -0.12747
   0.77892  0.04793 -0.14299
   0.76059  0.05113 -0.15884
   0.74224  0.05423 -0.18015
   0.72388  0.05724 -0.21987
   0.70551  0.06016 -0.28292
   0.68713  0.06297 -0.30969
   0.66875  0.06569 -0.31812
   0.65038  0.06831 -0.32711
   0.63203  0.07083 -0.33659
   0.61369  0.07324 -0.34663
   0.59536  0.07554 -0.35731
   0.57704  0.07773 -0.36871
   0.55874  0.07980 -0.38085
   0.54048  0.08177 -0.39373
   0.52226  0.08361 -0.40726
   0.50409  0.08532 -0.42134
   0.48596  0.08690 -0.43584
   0.46787  0.08835 -0.45077
   0.44982  0.08966 -0.46624
   0.43188  0.09084 -0.48249
   0.41408  0.09185 -0.49906
   0.39645  0.09270 -0.51531
   0.37898  0.09336 -0.53063
   0.36163  0.09382 -0.54479
   0.34440  0.09409 -0.55760
   0.32729  0.09415 -0.56904
   0.31030  0.09400 -0.57873
   0.29344  0.09362 -0.58713
   0.27672  0.09303 -0.59379
   0.26016  0.09221 -0.59890
   0.24379  0.09116 -0.60258
   0.22763  0.08988 -0.60473
   0.21174  0.08836 -0.60462
   0.19615  0.08660 -0.60205
   0.18090  0.08460 -0.59716
   0.16606  0.08238 -0.58938
   0.15171  0.07995 -0.57987
   0.13796  0.07734 -0.56729
   0.12489  0.07456 -0.55140
   0.11257  0.07165 -0.53219
   0.10108  0.06865 -0.50941
   0.09046  0.06560 -0.48411
   0.08074  0.06256 -0.45731
   0.07191  0.05954 -0.42640
   0.06392  0.05658 -0.39265
   0.05672  0.05368 -0.35612
   0.05024  0.05086 -0.31676
   0.04440  0.04812 -0.27335
   0.03913  0.04546 -0.22707
   0.03438  0.04287 -0.18005
   0.03008  0.04035 -0.12825
   0.02620  0.03789 -0.07062
   0.02268  0.03549 -0.00920
   0.01949  0.03313  0.05421
   0.01660  0.03082  0.12197
   0.01398  0.02853  0.19698
   0.01163  0.02626  0.27915
   0.00950  0.02401  0.36512
   0.00760  0.02178  0.45413
   0.00592  0.01956  0.54401
   0.00445  0.01734  0.63735
   0.00319  0.01514  0.72947
   0.00215  0.01295  0.81506
   0.00131  0.01077  0.89167
   0.00067  0.00859  0.95008
   0.00023  0.00644  0.98745
  -0.00003  0.00431  1.00000
  -0.00011  0.00221  0.98612
  -0.00001  0.00013  0.94435
   0.00028 -0.00195  0.87705
   0.00077 -0.00403  0.78731
   0.00145 -0.00612  0.67733
   0.00233 -0.00822  0.55117
   0.00343 -0.01032  0.41595
   0.00476 -0.01241  0.27750
   0.00631 -0.01448  0.14649
   0.00810 -0.01651  0.03091
   0.01013 -0.01851 -0.06997
   0.01238 -0.02046 -0.15703
   0.01485 -0.02238 -0.23379
   0.01757 -0.02427 -0.30096
   0.02054 -0.02613 -0.35760
   0.02380 -0.02797 -0.40065
   0.02739 -0.02980 -0.43289
   0.03132 -0.03162 -0.46273
   0.03564 -0.03344 -0.48781
   0.04040 -0.03525 -0.50509
   0.04564 -0.03706 -0.51625
   0.05143 -0.03886 -0.52506
   0.05784 -0.04067 -0.52999
   0.06495 -0.04246 -0.53098
   0.07287 -0.04424 -0.52812
   0.08166 -0.04599 -0.52306
   0.09140 -0.04769 -0.51551
   0.10214 -0.04932 -0.50460
   0.11390 -0.05084 -0.49198
   0.12665 -0.05224 -0.47682
   0.14035 -0.05348 -0.46043
   0.15491 -0.05455 -0.44309
   0.17020 -0.05543 -0.42473
   0.18612 -0.05611 -0.40623
   0.20258 -0.05661 -0.38714
   0.21948 -0.05692 -0.36842
   0.23676 -0.05705 -0.34991
   0.25434 -0.05702 -0.33179
   0.27219 -0.05684 -0.31415
   0.29027 -0.05652 -0.29703
   0.30856 -0.05607 -0.28066
   0.32702 -0.05552 -0.26511
   0.34565 -0.05486 -0.25045
   0.36440 -0.05413 -0.23695
   0.38322 -0.05331 -0.22450
   0.40208 -0.05243 -0.21292
   0.42093 -0.05149 -0.20221
   0.43976 -0.05047 -0.19196
   0.45859 -0.04936 -0.18174
   0.47746 -0.04818 -0.17152
   0.49642 -0.04692 -0.16155
   0.51544 -0.04560 -0.15200
   0.53452 -0.04423 -0.14297
   0.55364 -0.04280 -0.13451
   0.57279 -0.04132 -0.12680
   0.59199 -0.03979 -0.12023
   0.61123 -0.03823 -0.11226
   0.63052 -0.03663 -0.07895
   0.64985 -0.03499 -0.04928
   0.66919 -0.03334 -0.03153
   0.68854 -0.03165 -0.02103
   0.70789 -0.02994 -0.01279
   0.72725 -0.02821 -0.00441
   0.74664 -0.02645  0.00443
   0.76603 -0.02467  0.01352
   0.78541 -0.02287  0.02291
   0.80477 -0.02106  0.03331
   0.82409 -0.01923  0.04449
   0.84336 -0.01739  0.05643
   0.86253 -0.01554  0.06934
   0.88153 -0.01368  0.08310
   0.90022 -0.01184  0.09829
   0.91844 -0.01002  0.11567
   0.93595 -0.00824  0.13517
   0.95244 -0.00655  0.15701
   0.96758 -0.00498  0.18135
   0.98112 -0.00357  0.20687
   0.99298 -0.00231  0.23644
   1.00000 -0.00157  0.24863
