NACA 2415                                       
 Alfa =  -2.00000 Re =   401388.344 Xflap,Yflap =     0.000000    0.000000
#    x        y        Cp  
   1.00000  0.00157  0.24455
   0.99318  0.00326  0.22081
   0.98173  0.00600  0.18308
   0.96880  0.00906  0.14442
   0.95446  0.01238  0.10945
   0.93889  0.01591  0.07699
   0.92241  0.01956  0.04758
   0.90530  0.02327  0.02147
   0.88776  0.02697 -0.00088
   0.86990  0.03064 -0.02169
   0.85186  0.03426 -0.04542
   0.83372  0.03780 -0.08164
   0.81551  0.04126 -0.14221
   0.79724  0.04464 -0.20967
   0.77892  0.04793 -0.21633
   0.76059  0.05113 -0.22312
   0.74224  0.05423 -0.23015
   0.72388  0.05724 -0.23755
   0.70551  0.06016 -0.24539
   0.68713  0.06297 -0.25376
   0.66875  0.06569 -0.26276
   0.65038  0.06831 -0.27247
   0.63203  0.07083 -0.28289
   0.61369  0.07324 -0.29395
   0.59536  0.07554 -0.30554
   0.57704  0.07773 -0.31755
   0.55874  0.07980 -0.32986
   0.54048  0.08177 -0.34246
   0.52226  0.08361 -0.35516
   0.50409  0.08532 -0.36791
   0.48596  0.08690 -0.38067
   0.46787  0.08835 -0.39343
   0.44982  0.08966 -0.40655
   0.43188  0.09084 -0.42009
   0.41408  0.09185 -0.43382
   0.39645  0.09270 -0.44686
   0.37898  0.09336 -0.45868
   0.36163  0.09382 -0.46918
   0.34440  0.09409 -0.47814
   0.32729  0.09415 -0.48545
   0.31030  0.09400 -0.49104
   0.29344  0.09362 -0.49493
   0.27672  0.09303 -0.49709
   0.26016  0.09221 -0.49734
   0.24379  0.09116 -0.49602
   0.22763  0.08988 -0.49273
   0.21174  0.08836 -0.48704
   0.19615  0.08660 -0.47847
   0.18090  0.08460 -0.46752
   0.16606  0.08238 -0.45327
   0.15171  0.07995 -0.43667
   0.13796  0.07734 -0.41711
   0.12489  0.07456 -0.39348
   0.11257  0.07165 -0.36668
   0.10108  0.06865 -0.33598
   0.09046  0.06560 -0.30265
   0.08074  0.06256 -0.26750
   0.07191  0.05954 -0.22857
   0.06392  0.05658 -0.18691
   0.05672  0.05368 -0.14303
   0.05024  0.05086 -0.09570
   0.04440  0.04812 -0.04505
   0.03913  0.04546  0.00738
   0.03438  0.04287  0.06097
   0.03008  0.04035  0.11789
   0.02620  0.03789  0.18060
   0.02268  0.03549  0.24479
   0.01949  0.03313  0.31116
   0.01660  0.03082  0.38045
   0.01398  0.02853  0.45334
   0.01163  0.02626  0.53172
   0.00950  0.02401  0.60998
   0.00760  0.02178  0.68768
   0.00592  0.01956  0.76311
   0.00445  0.01734  0.83610
   0.00319  0.01514  0.90092
   0.00215  0.01295  0.95263
   0.00131  0.01077  0.98776
   0.00067  0.00859  1.00000
   0.00023  0.00644  0.98647
  -0.00003  0.00431  0.94617
  -0.00011  0.00221  0.87631
  -0.00001  0.00013  0.77921
   0.00028 -0.00195  0.66051
   0.00077 -0.00403  0.52290
   0.00145 -0.00612  0.37324
   0.00233 -0.00822  0.20973
   0.00343 -0.01032  0.04647
   0.00476 -0.01241 -0.11476
   0.00631 -0.01448 -0.25490
   0.00810 -0.01651 -0.37461
   0.01013 -0.01851 -0.47169
   0.01238 -0.02046 -0.54945
   0.01485 -0.02238 -0.61643
   0.01757 -0.02427 -0.67279
   0.02054 -0.02613 -0.71538
   0.02380 -0.02797 -0.74306
   0.02739 -0.02980 -0.76133
   0.03132 -0.03162 -0.77511
   0.03564 -0.03344 -0.78404
   0.04040 -0.03525 -0.78744
   0.04564 -0.03706 -0.78314
   0.05143 -0.03886 -0.77682
   0.05784 -0.04067 -0.76792
   0.06495 -0.04246 -0.75425
   0.07287 -0.04424 -0.73803
   0.08166 -0.04599 -0.71980
   0.09140 -0.04769 -0.69933
   0.10214 -0.04932 -0.67627
   0.11390 -0.05084 -0.65186
   0.12665 -0.05224 -0.62592
   0.14035 -0.05348 -0.59933
   0.15491 -0.05455 -0.57255
   0.17020 -0.05543 -0.54570
   0.18612 -0.05611 -0.51930
   0.20258 -0.05661 -0.49332
   0.21948 -0.05692 -0.46829
   0.23676 -0.05705 -0.44435
   0.25434 -0.05702 -0.42145
   0.27219 -0.05684 -0.39988
   0.29027 -0.05652 -0.37956
   0.30856 -0.05607 -0.36058
   0.32702 -0.05552 -0.34294
   0.34565 -0.05486 -0.32658
   0.36440 -0.05413 -0.31148
   0.38322 -0.05331 -0.29752
   0.40208 -0.05243 -0.28470
   0.42093 -0.05149 -0.27308
   0.43976 -0.05047 -0.26286
   0.45859 -0.04936 -0.25462
   0.47746 -0.04818 -0.22814
   0.49642 -0.04692 -0.18931
   0.51544 -0.04560 -0.16073
   0.53452 -0.04423 -0.14331
   0.55364 -0.04280 -0.13124
   0.57279 -0.04132 -0.12077
   0.59199 -0.03979 -0.11035
   0.61123 -0.03823 -0.09952
   0.63052 -0.03663 -0.08852
   0.64985 -0.03499 -0.07742
   0.66919 -0.03334 -0.06652
   0.68854 -0.03165 -0.05547
   0.70789 -0.02994 -0.04421
   0.72725 -0.02821 -0.03240
   0.74664 -0.02645 -0.02032
   0.76603 -0.02467 -0.00824
   0.78541 -0.02287  0.00394
   0.80477 -0.02106  0.01686
   0.82409 -0.01923  0.03043
   0.84336 -0.01739  0.04467
   0.86253 -0.01554  0.05981
   0.88153 -0.01368  0.07580
   0.90022 -0.01184  0.09317
   0.91844 -0.01002  0.11254
   0.93595 -0.00824  0.13378
   0.95244 -0.00655  0.15685
   0.96758 -0.00498  0.18151
   0.98112 -0.00357  0.20633
   0.99298 -0.00231  0.23271
   1.00000 -0.00157  0.24455
