NACA 2415                                       
 Alfa =   9.25000 Re =    43060.563 Xflap,Yflap =     0.000000    0.000000
#    x        y        Cp  
   1.00000  0.00157 -0.10819
   0.99318  0.00326 -0.11058
   0.98173  0.00600 -0.11466
   0.96880  0.00906 -0.11938
   0.95446  0.01238 -0.12479
   0.93889  0.01591 -0.13089
   0.92241  0.01956 -0.13761
   0.90530  0.02327 -0.14492
   0.88776  0.02697 -0.15278
   0.86990  0.03064 -0.16121
   0.85186  0.03426 -0.17020
   0.83372  0.03780 -0.17977
   0.81551  0.04126 -0.18997
   0.79724  0.04464 -0.20086
   0.77892  0.04793 -0.21249
   0.76059  0.05113 -0.22495
   0.74224  0.05423 -0.23831
   0.72388  0.05724 -0.25267
   0.70551  0.06016 -0.26817
   0.68713  0.06297 -0.28491
   0.66875  0.06569 -0.30305
   0.65038  0.06831 -0.32274
   0.63203  0.07083 -0.34416
   0.61369  0.07324 -0.36753
   0.59536  0.07554 -0.39309
   0.57704  0.07773 -0.42111
   0.55874  0.07980 -0.45192
   0.54048  0.08177 -0.48587
   0.52226  0.08361 -0.52343
   0.50409  0.08532 -0.56519
   0.48596  0.08690 -0.61228
   0.46787  0.08835 -0.66609
   0.44982  0.08966 -0.72785
   0.43188  0.09084 -0.80013
   0.41408  0.09185 -0.88787
   0.39645  0.09270 -1.00705
   0.37898  0.09336 -1.02819
   0.36163  0.09382 -1.03058
   0.34440  0.09409 -1.03293
   0.32729  0.09415 -1.03535
   0.31030  0.09400 -1.03794
   0.29344  0.09362 -1.04080
   0.27672  0.09303 -1.04405
   0.26016  0.09221 -1.04787
   0.24379  0.09116 -1.05247
   0.22763  0.08988 -1.05813
   0.21174  0.08836 -1.06524
   0.19615  0.08660 -1.07432
   0.18090  0.08460 -1.08603
   0.16606  0.08238 -1.10123
   0.15171  0.07995 -1.12096
   0.13796  0.07734 -1.14642
   0.12489  0.07456 -1.17865
   0.11257  0.07165 -1.21800
   0.10108  0.06865 -1.26339
   0.09046  0.06560 -1.31419
   0.08074  0.06256 -1.36902
   0.07191  0.05954 -1.42568
   0.06392  0.05658 -1.48221
   0.05672  0.05368 -1.53752
   0.05024  0.05086 -1.59050
   0.04440  0.04812 -1.64078
   0.03913  0.04546 -1.68813
   0.03438  0.04287 -1.73327
   0.03008  0.04035 -1.77396
   0.02620  0.03789 -1.80969
   0.02268  0.03549 -1.84069
   0.01949  0.03313 -1.86736
   0.01660  0.03082 -1.88600
   0.01398  0.02853 -1.89391
   0.01163  0.02626 -1.88873
   0.00950  0.02401 -1.87090
   0.00760  0.02178 -1.84029
   0.00592  0.01956 -1.79158
   0.00445  0.01734 -1.71549
   0.00319  0.01514 -1.60682
   0.00215  0.01295 -1.45979
   0.00131  0.01077 -1.27621
   0.00067  0.00859 -1.06549
   0.00023  0.00644 -0.84162
  -0.00003  0.00431 -0.60937
  -0.00011  0.00221 -0.37190
  -0.00001  0.00013 -0.13219
   0.00028 -0.00195  0.10514
   0.00077 -0.00403  0.32448
   0.00145 -0.00612  0.51351
   0.00233 -0.00822  0.67266
   0.00343 -0.01032  0.80061
   0.00476 -0.01241  0.89433
   0.00631 -0.01448  0.95703
   0.00810 -0.01651  0.99029
   0.01013 -0.01851  0.99999
   0.01238 -0.02046  0.99104
   0.01485 -0.02238  0.96895
   0.01757 -0.02427  0.93694
   0.02054 -0.02613  0.89786
   0.02380 -0.02797  0.85480
   0.02739 -0.02980  0.80909
   0.03132 -0.03162  0.76135
   0.03564 -0.03344  0.71262
   0.04040 -0.03525  0.66408
   0.04564 -0.03706  0.61655
   0.05143 -0.03886  0.56962
   0.05784 -0.04067  0.52335
   0.06495 -0.04246  0.47868
   0.07287 -0.04424  0.43619
   0.08166 -0.04599  0.39461
   0.09140 -0.04769  0.35561
   0.10214 -0.04932  0.31904
   0.11390 -0.05084  0.28519
   0.12665 -0.05224  0.25447
   0.14035 -0.05348  0.22667
   0.15491 -0.05455  0.20182
   0.17020 -0.05543  0.18004
   0.18612 -0.05611  0.16104
   0.20258 -0.05661  0.14463
   0.21948 -0.05692  0.13040
   0.23676 -0.05705  0.11808
   0.25434 -0.05702  0.10755
   0.27219 -0.05684  0.09835
   0.29027 -0.05652  0.09040
   0.30856 -0.05607  0.08341
   0.32702 -0.05552  0.07704
   0.34565 -0.05486  0.07118
   0.36440 -0.05413  0.06533
   0.38322 -0.05331  0.05948
   0.40208 -0.05243  0.05364
   0.42093 -0.05149  0.04777
   0.43976 -0.05047  0.04220
   0.45859 -0.04936  0.03736
   0.47746 -0.04818  0.03330
   0.49642 -0.04692  0.02978
   0.51544 -0.04560  0.02661
   0.53452 -0.04423  0.02367
   0.55364 -0.04280  0.02098
   0.57279 -0.04132  0.01839
   0.59199 -0.03979  0.01593
   0.61123 -0.03823  0.01358
   0.63052 -0.03663  0.01117
   0.64985 -0.03499  0.00869
   0.66919 -0.03334  0.00597
   0.68854 -0.03165  0.00313
   0.70789 -0.02994  0.00014
   0.72725 -0.02821 -0.00287
   0.74664 -0.02645 -0.00611
   0.76603 -0.02467 -0.00961
   0.78541 -0.02287 -0.01348
   0.80477 -0.02106 -0.01756
   0.82409 -0.01923 -0.02192
   0.84336 -0.01739 -0.02667
   0.86253 -0.01554 -0.03186
   0.88153 -0.01368 -0.03763
   0.90022 -0.01184 -0.04396
   0.91844 -0.01002 -0.05070
   0.93595 -0.00824 -0.05799
   0.95244 -0.00655 -0.06585
   0.96758 -0.00498 -0.07422
   0.98112 -0.00357 -0.08384
   0.99298 -0.00231 -0.09307
   1.00000 -0.00157 -0.10819
