NACA 2415                                       
 Alfa =  23.10000 Re =   887685.750 Xflap,Yflap =     0.000000    0.000000
#    x        y        Cp  
   1.00000  0.00157 -0.38480
   0.99318  0.00326 -0.38631
   0.98173  0.00600 -0.38888
   0.96880  0.00906 -0.39180
   0.95446  0.01238 -0.39509
   0.93889  0.01591 -0.39873
   0.92241  0.01956 -0.40266
   0.90530  0.02327 -0.40683
   0.88776  0.02697 -0.41121
   0.86990  0.03064 -0.41579
   0.85186  0.03426 -0.42055
   0.83372  0.03780 -0.42547
   0.81551  0.04126 -0.43056
   0.79724  0.04464 -0.43583
   0.77892  0.04793 -0.44128
   0.76059  0.05113 -0.44692
   0.74224  0.05423 -0.45276
   0.72388  0.05724 -0.45882
   0.70551  0.06016 -0.46510
   0.68713  0.06297 -0.47163
   0.66875  0.06569 -0.47842
   0.65038  0.06831 -0.48549
   0.63203  0.07083 -0.49285
   0.61369  0.07324 -0.50053
   0.59536  0.07554 -0.50855
   0.57704  0.07773 -0.51694
   0.55874  0.07980 -0.52573
   0.54048  0.08177 -0.53494
   0.52226  0.08361 -0.54460
   0.50409  0.08532 -0.55475
   0.48596  0.08690 -0.56542
   0.46787  0.08835 -0.57667
   0.44982  0.08966 -0.58853
   0.43188  0.09084 -0.60102
   0.41408  0.09185 -0.61413
   0.39645  0.09270 -0.62792
   0.37898  0.09336 -0.64242
   0.36163  0.09382 -0.65771
   0.34440  0.09409 -0.67383
   0.32729  0.09415 -0.69082
   0.31030  0.09400 -0.70873
   0.29344  0.09362 -0.72759
   0.27672  0.09303 -0.74749
   0.26016  0.09221 -0.76851
   0.24379  0.09116 -0.79068
   0.22763  0.08988 -0.81391
   0.21174  0.08836 -0.83776
   0.19615  0.08660 -0.85917
   0.18090  0.08460 -0.88622
   0.16606  0.08238 -0.99795
   0.15171  0.07995 -1.17352
   0.13796  0.07734 -1.38490
   0.12489  0.07456 -1.60853
   0.11257  0.07165 -1.83392
   0.10108  0.06865 -2.05692
   0.09046  0.06560 -2.27956
   0.08074  0.06256 -2.50496
   0.07191  0.05954 -2.73125
   0.06392  0.05658 -2.95685
   0.05672  0.05368 -3.18783
   0.05024  0.05086 -3.41813
   0.04440  0.04812 -3.64547
   0.03913  0.04546 -3.87043
   0.03438  0.04287 -4.09866
   0.03008  0.04035 -4.31804
   0.02620  0.03789 -4.58634
   0.02268  0.03549 -5.24660
   0.01949  0.03313 -6.31905
   0.01660  0.03082 -6.38802
   0.01398  0.02853 -6.45563
   0.01163  0.02626 -6.54001
   0.00950  0.02401 -6.66027
   0.00760  0.02178 -6.83272
   0.00592  0.01956 -7.06683
   0.00445  0.01734 -7.33665
   0.00319  0.01514 -7.56471
   0.00215  0.01295 -7.69103
   0.00131  0.01077 -7.68668
   0.00067  0.00859 -7.55576
   0.00023  0.00644 -7.34039
  -0.00003  0.00431 -7.04961
  -0.00011  0.00221 -6.67701
  -0.00001  0.00013 -6.19633
   0.00028 -0.00195 -5.58262
   0.00077 -0.00403 -4.90080
   0.00145 -0.00612 -4.21929
   0.00233 -0.00822 -3.55053
   0.00343 -0.01032 -2.90795
   0.00476 -0.01241 -2.27814
   0.00631 -0.01448 -1.69759
   0.00810 -0.01651 -1.17172
   0.01013 -0.01851 -0.72795
   0.01238 -0.02046 -0.34781
   0.01485 -0.02238 -0.04721
   0.01757 -0.02427  0.19895
   0.02054 -0.02613  0.40226
   0.02380 -0.02797  0.56519
   0.02739 -0.02980  0.69422
   0.03132 -0.03162  0.79372
   0.03564 -0.03344  0.86927
   0.04040 -0.03525  0.92485
   0.04564 -0.03706  0.96313
   0.05143 -0.03886  0.98692
   0.05784 -0.04067  0.99829
   0.06495 -0.04246  0.99919
   0.07287 -0.04424  0.99112
   0.08166 -0.04599  0.97549
   0.09140 -0.04769  0.95352
   0.10214 -0.04932  0.92667
   0.11390 -0.05084  0.89607
   0.12665 -0.05224  0.86308
   0.14035 -0.05348  0.82851
   0.15491 -0.05455  0.79361
   0.17020 -0.05543  0.75900
   0.18612 -0.05611  0.72539
   0.20258 -0.05661  0.69298
   0.21948 -0.05692  0.66212
   0.23676 -0.05705  0.63270
   0.25434 -0.05702  0.60501
   0.27219 -0.05684  0.57853
   0.29027 -0.05652  0.55377
   0.30856 -0.05607  0.53011
   0.32702 -0.05552  0.50732
   0.34565 -0.05486  0.48572
   0.36440 -0.05413  0.46423
   0.38322 -0.05331  0.44316
   0.40208 -0.05243  0.42269
   0.42093 -0.05149  0.40208
   0.43976 -0.05047  0.38230
   0.45859 -0.04936  0.36363
   0.47746 -0.04818  0.34629
   0.49642 -0.04692  0.32935
   0.51544 -0.04560  0.31282
   0.53452 -0.04423  0.29655
   0.55364 -0.04280  0.28060
   0.57279 -0.04132  0.26459
   0.59199 -0.03979  0.24885
   0.61123 -0.03823  0.23331
   0.63052 -0.03663  0.21757
   0.64985 -0.03499  0.20170
   0.66919 -0.03334  0.18524
   0.68854 -0.03165  0.16844
   0.70789 -0.02994  0.15152
   0.72725 -0.02821  0.13450
   0.74664 -0.02645  0.11675
   0.76603 -0.02467  0.09846
   0.78541 -0.02287  0.07893
   0.80477 -0.02106  0.05891
   0.82409 -0.01923  0.03805
   0.84336 -0.01739  0.01599
   0.86253 -0.01554 -0.00763
   0.88153 -0.01368 -0.03313
   0.90022 -0.01184 -0.06053
   0.91844 -0.01002 -0.08946
   0.93595 -0.00824 -0.12057
   0.95244 -0.00655 -0.15378
   0.96758 -0.00498 -0.18906
   0.98112 -0.00357 -0.23141
   0.99298 -0.00231 -0.26589
   1.00000 -0.00157 -0.38480
