NACA 2415                                       
 Alfa =   6.40000 Re =   401388.344 Xflap,Yflap =     0.000000    0.000000
#    x        y        Cp  
   1.00000  0.00157  0.17962
   0.99318  0.00326  0.16939
   0.98173  0.00600  0.15057
   0.96880  0.00906  0.12672
   0.95446  0.01238  0.09872
   0.93889  0.01591  0.06680
   0.92241  0.01956  0.03215
   0.90530  0.02327 -0.00392
   0.88776  0.02697 -0.03991
   0.86990  0.03064 -0.07547
   0.85186  0.03426 -0.11041
   0.83372  0.03780 -0.14440
   0.81551  0.04126 -0.17714
   0.79724  0.04464 -0.20883
   0.77892  0.04793 -0.23973
   0.76059  0.05113 -0.27004
   0.74224  0.05423 -0.29964
   0.72388  0.05724 -0.32856
   0.70551  0.06016 -0.35719
   0.68713  0.06297 -0.38558
   0.66875  0.06569 -0.41379
   0.65038  0.06831 -0.44194
   0.63203  0.07083 -0.47014
   0.61369  0.07324 -0.49816
   0.59536  0.07554 -0.52630
   0.57704  0.07773 -0.55463
   0.55874  0.07980 -0.58315
   0.54048  0.08177 -0.61231
   0.52226  0.08361 -0.64174
   0.50409  0.08532 -0.67130
   0.48596  0.08690 -0.70078
   0.46787  0.08835 -0.73047
   0.44982  0.08966 -0.76092
   0.43188  0.09084 -0.79295
   0.41408  0.09185 -0.82552
   0.39645  0.09270 -0.85802
   0.37898  0.09336 -0.89446
   0.36163  0.09382 -0.94993
   0.34440  0.09409 -1.04478
   0.32729  0.09415 -1.12567
   0.31030  0.09400 -1.14676
   0.29344  0.09362 -1.17043
   0.27672  0.09303 -1.19614
   0.26016  0.09221 -1.22396
   0.24379  0.09116 -1.25401
   0.22763  0.08988 -1.28630
   0.21174  0.08836 -1.32052
   0.19615  0.08660 -1.35638
   0.18090  0.08460 -1.39369
   0.16606  0.08238 -1.43228
   0.15171  0.07995 -1.47233
   0.13796  0.07734 -1.51338
   0.12489  0.07456 -1.55481
   0.11257  0.07165 -1.59664
   0.10108  0.06865 -1.63857
   0.09046  0.06560 -1.68106
   0.08074  0.06256 -1.72455
   0.07191  0.05954 -1.76701
   0.06392  0.05658 -1.80806
   0.05672  0.05368 -1.84846
   0.05024  0.05086 -1.88710
   0.04440  0.04812 -1.92325
   0.03913  0.04546 -1.95809
   0.03438  0.04287 -1.99332
   0.03008  0.04035 -2.02493
   0.02620  0.03789 -2.04951
   0.02268  0.03549 -2.07101
   0.01949  0.03313 -2.09066
   0.01660  0.03082 -2.10379
   0.01398  0.02853 -2.10287
   0.01163  0.02626 -2.08514
   0.00950  0.02401 -2.05586
   0.00760  0.02178 -2.01528
   0.00592  0.01956 -1.95981
   0.00445  0.01734 -1.87371
   0.00319  0.01514 -1.75433
   0.00215  0.01295 -1.59242
   0.00131  0.01077 -1.38842
   0.00067  0.00859 -1.15579
   0.00023  0.00644 -0.91140
  -0.00003  0.00431 -0.66214
  -0.00011  0.00221 -0.40970
  -0.00001  0.00013 -0.15830
   0.00028 -0.00195  0.09241
   0.00077 -0.00403  0.32109
   0.00145 -0.00612  0.51791
   0.00233 -0.00822  0.68128
   0.00343 -0.01032  0.80954
   0.00476 -0.01241  0.90261
   0.00631 -0.01448  0.96350
   0.00810 -0.01651  0.99361
   0.01013 -0.01851  0.99953
   0.01238 -0.02046  0.98689
   0.01485 -0.02238  0.96124
   0.01757 -0.02427  0.92595
   0.02054 -0.02613  0.88376
   0.02380 -0.02797  0.83868
   0.02739 -0.02980  0.79134
   0.03132 -0.03162  0.74198
   0.03564 -0.03344  0.69225
   0.04040 -0.03525  0.64290
   0.04564 -0.03706  0.59565
   0.05143 -0.03886  0.54892
   0.05784 -0.04067  0.50301
   0.06495 -0.04246  0.45965
   0.07287 -0.04424  0.41836
   0.08166 -0.04599  0.37863
   0.09140 -0.04769  0.34145
   0.10214 -0.04932  0.30731
   0.11390 -0.05084  0.27597
   0.12665 -0.05224  0.24815
   0.14035 -0.05348  0.22338
   0.15491 -0.05455  0.20159
   0.17020 -0.05543  0.18311
   0.18612 -0.05611  0.16739
   0.20258 -0.05661  0.15435
   0.21948 -0.05692  0.14341
   0.23676 -0.05705  0.13444
   0.25434 -0.05702  0.12724
   0.27219 -0.05684  0.12137
   0.29027 -0.05652  0.11674
   0.30856 -0.05607  0.11306
   0.32702 -0.05552  0.10995
   0.34565 -0.05486  0.10737
   0.36440 -0.05413  0.10455
   0.38322 -0.05331  0.10167
   0.40208 -0.05243  0.09879
   0.42093 -0.05149  0.09570
   0.43976 -0.05047  0.09312
   0.45859 -0.04936  0.09155
   0.47746 -0.04818  0.09113
   0.49642 -0.04692  0.09129
   0.51544 -0.04560  0.09181
   0.53452 -0.04423  0.09259
   0.55364 -0.04280  0.09369
   0.57279 -0.04132  0.09496
   0.59199 -0.03979  0.09646
   0.61123 -0.03823  0.09824
   0.63052 -0.03663  0.10008
   0.64985 -0.03499  0.10202
   0.66919 -0.03334  0.10384
   0.68854 -0.03165  0.10580
   0.70789 -0.02994  0.10790
   0.72725 -0.02821  0.11036
   0.74664 -0.02645  0.11298
   0.76603 -0.02467  0.11575
   0.78541 -0.02287  0.11862
   0.80477 -0.02106  0.12195
   0.82409 -0.01923  0.12570
   0.84336 -0.01739  0.12990
   0.86253 -0.01554  0.13460
   0.88153 -0.01368  0.13981
   0.90022 -0.01184  0.14563
   0.91844 -0.01002  0.15207
   0.93595 -0.00824  0.15871
   0.95244 -0.00655  0.16503
   0.96758 -0.00498  0.17048
   0.98112 -0.00357  0.17472
   0.99298 -0.00231  0.17795
   1.00000 -0.00157  0.17962
