NACA 2415                                       
 Alfa =  -3.75000 Re =   107651.406 Xflap,Yflap =     0.000000    0.000000
#    x        y        Cp  
   1.00000  0.00157  0.07514
   0.99318  0.00326  0.05901
   0.98173  0.00600  0.02882
   0.96880  0.00906 -0.01163
   0.95446  0.01238 -0.06277
   0.93889  0.01591 -0.06317
   0.92241  0.01956 -0.06352
   0.90530  0.02327 -0.06387
   0.88776  0.02697 -0.06429
   0.86990  0.03064 -0.06479
   0.85186  0.03426 -0.06543
   0.83372  0.03780 -0.06624
   0.81551  0.04126 -0.06731
   0.79724  0.04464 -0.06869
   0.77892  0.04793 -0.07047
   0.76059  0.05113 -0.07275
   0.74224  0.05423 -0.07566
   0.72388  0.05724 -0.07933
   0.70551  0.06016 -0.08393
   0.68713  0.06297 -0.08959
   0.66875  0.06569 -0.09643
   0.65038  0.06831 -0.10445
   0.63203  0.07083 -0.11346
   0.61369  0.07324 -0.12366
   0.59536  0.07554 -0.13499
   0.57704  0.07773 -0.14717
   0.55874  0.07980 -0.15981
   0.54048  0.08177 -0.17259
   0.52226  0.08361 -0.18521
   0.50409  0.08532 -0.19743
   0.48596  0.08690 -0.20921
   0.46787  0.08835 -0.22049
   0.44982  0.08966 -0.23145
   0.43188  0.09084 -0.24215
   0.41408  0.09185 -0.25229
   0.39645  0.09270 -0.26134
   0.37898  0.09336 -0.26887
   0.36163  0.09382 -0.27474
   0.34440  0.09409 -0.27885
   0.32729  0.09415 -0.28094
   0.31030  0.09400 -0.28109
   0.29344  0.09362 -0.27921
   0.27672  0.09303 -0.27522
   0.26016  0.09221 -0.26893
   0.24379  0.09116 -0.26062
   0.22763  0.08988 -0.24980
   0.21174  0.08836 -0.23616
   0.19615  0.08660 -0.21943
   0.18090  0.08460 -0.19946
   0.16606  0.08238 -0.17620
   0.15171  0.07995 -0.14995
   0.13796  0.07734 -0.12008
   0.12489  0.07456 -0.08615
   0.11257  0.07165 -0.04862
   0.10108  0.06865 -0.00744
   0.09046  0.06560  0.03629
   0.08074  0.06256  0.08241
   0.07191  0.05954  0.13110
   0.06392  0.05658  0.18217
   0.05672  0.05368  0.23489
   0.05024  0.05086  0.28972
   0.04440  0.04812  0.34642
   0.03913  0.04546  0.40369
   0.03438  0.04287  0.46109
   0.03008  0.04035  0.52004
   0.02620  0.03789  0.58088
   0.02268  0.03549  0.64092
   0.01949  0.03313  0.70053
   0.01660  0.03082  0.75912
   0.01398  0.02853  0.81597
   0.01163  0.02626  0.86995
   0.00950  0.02401  0.91811
   0.00760  0.02178  0.95815
   0.00592  0.01956  0.98624
   0.00445  0.01734  0.99965
   0.00319  0.01514  0.99272
   0.00215  0.01295  0.96130
   0.00131  0.01077  0.90097
   0.00067  0.00859  0.81237
   0.00023  0.00644  0.68994
  -0.00003  0.00431  0.54014
  -0.00011  0.00221  0.35982
  -0.00001  0.00013  0.15387
   0.00028 -0.00195 -0.05980
   0.00077 -0.00403 -0.27519
   0.00145 -0.00612 -0.49296
   0.00233 -0.00822 -0.70686
   0.00343 -0.01032 -0.91057
   0.00476 -0.01241 -1.08989
   0.00631 -0.01448 -1.23279
   0.00810 -0.01651 -1.33956
   0.01013 -0.01851 -1.41145
   0.01238 -0.02046 -1.45763
   0.01485 -0.02238 -1.48833
   0.01757 -0.02427 -1.50620
   0.02054 -0.02613 -1.50973
   0.02380 -0.02797 -1.49976
   0.02739 -0.02980 -1.47939
   0.03132 -0.03162 -1.45482
   0.03564 -0.03344 -1.42576
   0.04040 -0.03525 -1.39155
   0.04564 -0.03706 -1.35301
   0.05143 -0.03886 -1.31219
   0.05784 -0.04067 -1.26950
   0.06495 -0.04246 -1.22421
   0.07287 -0.04424 -1.17709
   0.08166 -0.04599 -1.12923
   0.09140 -0.04769 -1.08057
   0.10214 -0.04932 -1.03189
   0.11390 -0.05084 -0.98432
   0.12665 -0.05224 -0.93886
   0.14035 -0.05348 -0.89672
   0.15491 -0.05455 -0.85867
   0.17020 -0.05543 -0.82485
   0.18612 -0.05611 -0.79532
   0.20258 -0.05661 -0.77000
   0.21948 -0.05692 -0.74836
   0.23676 -0.05705 -0.72968
   0.25434 -0.05702 -0.71328
   0.27219 -0.05684 -0.69852
   0.29027 -0.05652 -0.68484
   0.30856 -0.05607 -0.67171
   0.32702 -0.05552 -0.65858
   0.34565 -0.05486 -0.64482
   0.36440 -0.05413 -0.53328
   0.38322 -0.05331 -0.42155
   0.40208 -0.05243 -0.35894
   0.42093 -0.05149 -0.32878
   0.43976 -0.05047 -0.31361
   0.45859 -0.04936 -0.30277
   0.47746 -0.04818 -0.29190
   0.49642 -0.04692 -0.28014
   0.51544 -0.04560 -0.26771
   0.53452 -0.04423 -0.25484
   0.55364 -0.04280 -0.24187
   0.57279 -0.04132 -0.22881
   0.59199 -0.03979 -0.21572
   0.61123 -0.03823 -0.20242
   0.63052 -0.03663 -0.18891
   0.64985 -0.03499 -0.17572
   0.66919 -0.03334 -0.16298
   0.68854 -0.03165 -0.15040
   0.70789 -0.02994 -0.13788
   0.72725 -0.02821 -0.12520
   0.74664 -0.02645 -0.11252
   0.76603 -0.02467 -0.10006
   0.78541 -0.02287 -0.08775
   0.80477 -0.02106 -0.07517
   0.82409 -0.01923 -0.06241
   0.84336 -0.01739 -0.04949
   0.86253 -0.01554 -0.03636
   0.88153 -0.01368 -0.02313
   0.90022 -0.01184 -0.00959
   0.91844 -0.01002  0.00450
   0.93595 -0.00824  0.01884
   0.95244 -0.00655  0.03316
   0.96758 -0.00498  0.04711
   0.98112 -0.00357  0.05979
   0.99298 -0.00231  0.07250
   1.00000 -0.00157  0.07514
