NACA 2415                                       
 Alfa =   8.80000 Re =   355074.281 Xflap,Yflap =     0.000000    0.000000
#    x        y        Cp  
   1.00000  0.00157  0.13498
   0.99318  0.00326  0.13166
   0.98173  0.00600  0.12471
   0.96880  0.00906  0.11454
   0.95446  0.01238  0.10057
   0.93889  0.01591  0.08228
   0.92241  0.01956  0.05967
   0.90530  0.02327  0.03316
   0.88776  0.02697  0.00356
   0.86990  0.03064 -0.02848
   0.85186  0.03426 -0.06228
   0.83372  0.03780 -0.09708
   0.81551  0.04126 -0.13223
   0.79724  0.04464 -0.16742
   0.77892  0.04793 -0.20248
   0.76059  0.05113 -0.23733
   0.74224  0.05423 -0.27177
   0.72388  0.05724 -0.30575
   0.70551  0.06016 -0.33952
   0.68713  0.06297 -0.37305
   0.66875  0.06569 -0.40650
   0.65038  0.06831 -0.43991
   0.63203  0.07083 -0.47342
   0.61369  0.07324 -0.50691
   0.59536  0.07554 -0.54066
   0.57704  0.07773 -0.57474
   0.55874  0.07980 -0.60928
   0.54048  0.08177 -0.64465
   0.52226  0.08361 -0.68064
   0.50409  0.08532 -0.71730
   0.48596  0.08690 -0.75447
   0.46787  0.08835 -0.79268
   0.44982  0.08966 -0.83252
   0.43188  0.09084 -0.87500
   0.41408  0.09185 -0.91935
   0.39645  0.09270 -0.96437
   0.37898  0.09336 -1.00910
   0.36163  0.09382 -1.05322
   0.34440  0.09409 -1.09743
   0.32729  0.09415 -1.14093
   0.31030  0.09400 -1.18401
   0.29344  0.09362 -1.22642
   0.27672  0.09303 -1.26851
   0.26016  0.09221 -1.30917
   0.24379  0.09116 -1.34973
   0.22763  0.08988 -1.39238
   0.21174  0.08836 -1.44297
   0.19615  0.08660 -1.53376
   0.18090  0.08460 -1.69536
   0.16606  0.08238 -1.74949
   0.15171  0.07995 -1.79402
   0.13796  0.07734 -1.84198
   0.12489  0.07456 -1.89343
   0.11257  0.07165 -1.94859
   0.10108  0.06865 -2.00738
   0.09046  0.06560 -2.06955
   0.08074  0.06256 -2.13489
   0.07191  0.05954 -2.20237
   0.06392  0.05658 -2.27116
   0.05672  0.05368 -2.34119
   0.05024  0.05086 -2.41147
   0.04440  0.04812 -2.48149
   0.03913  0.04546 -2.55156
   0.03438  0.04287 -2.62339
   0.03008  0.04035 -2.69263
   0.02620  0.03789 -2.75851
   0.02268  0.03549 -2.82178
   0.01949  0.03313 -2.88471
   0.01660  0.03082 -2.94269
   0.01398  0.02853 -2.98819
   0.01163  0.02626 -3.01737
   0.00950  0.02401 -3.03438
   0.00760  0.02178 -3.04085
   0.00592  0.01956 -3.02977
   0.00445  0.01734 -2.98372
   0.00319  0.01514 -2.89404
   0.00215  0.01295 -2.74922
   0.00131  0.01077 -2.54179
   0.00067  0.00859 -2.29070
   0.00023  0.00644 -2.01258
  -0.00003  0.00431 -1.71917
  -0.00011  0.00221 -1.40904
  -0.00001  0.00013 -1.08134
   0.00028 -0.00195 -0.73666
   0.00077 -0.00403 -0.40315
   0.00145 -0.00612 -0.10115
   0.00233 -0.00822  0.16817
   0.00343 -0.01032  0.39905
   0.00476 -0.01241  0.59133
   0.00631 -0.01448  0.74328
   0.00810 -0.01651  0.85515
   0.01013 -0.01851  0.92999
   0.01238 -0.02046  0.97490
   0.01485 -0.02238  0.99615
   0.01757 -0.02427  0.99935
   0.02054 -0.02613  0.98865
   0.02380 -0.02797  0.96787
   0.02739 -0.02980  0.93928
   0.03132 -0.03162  0.90498
   0.03564 -0.03344  0.86640
   0.04040 -0.03525  0.82540
   0.04564 -0.03706  0.78257
   0.05143 -0.03886  0.73876
   0.05784 -0.04067  0.69401
   0.06495 -0.04246  0.64976
   0.07287 -0.04424  0.60607
   0.08166 -0.04599  0.56291
   0.09140 -0.04769  0.52120
   0.10214 -0.04932  0.48176
   0.11390 -0.05084  0.44441
   0.12665 -0.05224  0.41001
   0.14035 -0.05348  0.37844
   0.15491 -0.05455  0.34990
   0.17020 -0.05543  0.32455
   0.18612 -0.05611  0.30221
   0.20258 -0.05661  0.28258
   0.21948 -0.05692  0.26548
   0.23676 -0.05705  0.25049
   0.25434 -0.05702  0.23764
   0.27219 -0.05684  0.22631
   0.29027 -0.05652  0.21650
   0.30856 -0.05607  0.20790
   0.32702 -0.05552  0.20015
   0.34565 -0.05486  0.19312
   0.36440 -0.05413  0.18613
   0.38322 -0.05331  0.17925
   0.40208 -0.05243  0.17256
   0.42093 -0.05149  0.16583
   0.43976 -0.05047  0.15971
   0.45859 -0.04936  0.15467
   0.47746 -0.04818  0.15092
   0.49642 -0.04692  0.14776
   0.51544 -0.04560  0.14505
   0.53452 -0.04423  0.14263
   0.55364 -0.04280  0.14060
   0.57279 -0.04132  0.13874
   0.59199 -0.03979  0.13714
   0.61123 -0.03823  0.13589
   0.63052 -0.03663  0.13465
   0.64985 -0.03499  0.13353
   0.66919 -0.03334  0.13221
   0.68854 -0.03165  0.13103
   0.70789 -0.02994  0.12991
   0.72725 -0.02821  0.12911
   0.74664 -0.02645  0.12836
   0.76603 -0.02467  0.12761
   0.78541 -0.02287  0.12677
   0.80477 -0.02106  0.12620
   0.82409 -0.01923  0.12584
   0.84336 -0.01739  0.12563
   0.86253 -0.01554  0.12559
   0.88153 -0.01368  0.12568
   0.90022 -0.01184  0.12606
   0.91844 -0.01002  0.12708
   0.93595 -0.00824  0.12860
   0.95244 -0.00655  0.13065
   0.96758 -0.00498  0.13324
   0.98112 -0.00357  0.13546
   0.99298 -0.00231  0.13896
   1.00000 -0.00157  0.13498
