NACA 2415                                       
 Alfa =  24.10000 Re =   463140.375 Xflap,Yflap =     0.000000    0.000000
#    x        y        Cp  
   1.00000  0.00157 -0.47440
   0.99318  0.00326 -0.47582
   0.98173  0.00600 -0.47820
   0.96880  0.00906 -0.48089
   0.95446  0.01238 -0.48393
   0.93889  0.01591 -0.48727
   0.92241  0.01956 -0.49086
   0.90530  0.02327 -0.49466
   0.88776  0.02697 -0.49865
   0.86990  0.03064 -0.50279
   0.85186  0.03426 -0.50707
   0.83372  0.03780 -0.51148
   0.81551  0.04126 -0.51602
   0.79724  0.04464 -0.52069
   0.77892  0.04793 -0.52550
   0.76059  0.05113 -0.53044
   0.74224  0.05423 -0.53554
   0.72388  0.05724 -0.54080
   0.70551  0.06016 -0.54621
   0.68713  0.06297 -0.55178
   0.66875  0.06569 -0.55753
   0.65038  0.06831 -0.56348
   0.63203  0.07083 -0.56961
   0.61369  0.07324 -0.57594
   0.59536  0.07554 -0.58250
   0.57704  0.07773 -0.58929
   0.55874  0.07980 -0.59632
   0.54048  0.08177 -0.60361
   0.52226  0.08361 -0.61116
   0.50409  0.08532 -0.61900
   0.48596  0.08690 -0.62714
   0.46787  0.08835 -0.63561
   0.44982  0.08966 -0.64441
   0.43188  0.09084 -0.65355
   0.41408  0.09185 -0.66302
   0.39645  0.09270 -0.67283
   0.37898  0.09336 -0.68302
   0.36163  0.09382 -0.69362
   0.34440  0.09409 -0.70468
   0.32729  0.09415 -0.71623
   0.31030  0.09400 -0.72830
   0.29344  0.09362 -0.74094
   0.27672  0.09303 -0.75422
   0.26016  0.09221 -0.76823
   0.24379  0.09116 -0.78307
   0.22763  0.08988 -0.79893
   0.21174  0.08836 -0.81600
   0.19615  0.08660 -0.83450
   0.18090  0.08460 -0.85490
   0.16606  0.08238 -0.87900
   0.15171  0.07995 -0.87190
   0.13796  0.07734 -0.92174
   0.12489  0.07456 -1.02404
   0.11257  0.07165 -1.17734
   0.10108  0.06865 -1.36960
   0.09046  0.06560 -1.58732
   0.08074  0.06256 -1.81854
   0.07191  0.05954 -2.05164
   0.06392  0.05658 -2.28178
   0.05672  0.05368 -2.50804
   0.05024  0.05086 -2.73059
   0.04440  0.04812 -2.95651
   0.03913  0.04546 -3.21178
   0.03438  0.04287 -3.56892
   0.03008  0.04035 -4.16720
   0.02620  0.03789 -5.02062
   0.02268  0.03549 -5.50088
   0.01949  0.03313 -5.52879
   0.01660  0.03082 -5.55472
   0.01398  0.02853 -5.58523
   0.01163  0.02626 -5.62862
   0.00950  0.02401 -5.69649
   0.00760  0.02178 -5.80768
   0.00592  0.01956 -5.97676
   0.00445  0.01734 -6.21042
   0.00319  0.01514 -6.45196
   0.00215  0.01295 -6.61105
   0.00131  0.01077 -6.65385
   0.00067  0.00859 -6.56988
   0.00023  0.00644 -6.40938
  -0.00003  0.00431 -6.16517
  -0.00011  0.00221 -5.83783
  -0.00001  0.00013 -5.41733
   0.00028 -0.00195 -4.86702
   0.00077 -0.00403 -4.26626
   0.00145 -0.00612 -3.65542
   0.00233 -0.00822 -3.05543
   0.00343 -0.01032 -2.47808
   0.00476 -0.01241 -1.91254
   0.00631 -0.01448 -1.38897
   0.00810 -0.01651 -0.91968
   0.01013 -0.01851 -0.51666
   0.01238 -0.02046 -0.18116
   0.01485 -0.02238  0.08904
   0.01757 -0.02427  0.30876
   0.02054 -0.02613  0.48998
   0.02380 -0.02797  0.63374
   0.02739 -0.02980  0.74672
   0.03132 -0.03162  0.83314
   0.03564 -0.03344  0.89831
   0.04040 -0.03525  0.94466
   0.04564 -0.03706  0.97578
   0.05143 -0.03886  0.99338
   0.05784 -0.04067  0.99990
   0.06495 -0.04246  0.99676
   0.07287 -0.04424  0.98542
   0.08166 -0.04599  0.96723
   0.09140 -0.04769  0.94324
   0.10214 -0.04932  0.91470
   0.11390 -0.05084  0.88294
   0.12665 -0.05224  0.84898
   0.14035 -0.05348  0.81376
   0.15491 -0.05455  0.77809
   0.17020 -0.05543  0.74308
   0.18612 -0.05611  0.70914
   0.20258 -0.05661  0.67642
   0.21948 -0.05692  0.64503
   0.23676 -0.05705  0.61519
   0.25434 -0.05702  0.58726
   0.27219 -0.05684  0.56043
   0.29027 -0.05652  0.53522
   0.30856 -0.05607  0.51108
   0.32702 -0.05552  0.48793
   0.34565 -0.05486  0.46571
   0.36440 -0.05413  0.44373
   0.38322 -0.05331  0.42207
   0.40208 -0.05243  0.40094
   0.42093 -0.05149  0.37973
   0.43976 -0.05047  0.35926
   0.45859 -0.04936  0.33979
   0.47746 -0.04818  0.32171
   0.49642 -0.04692  0.30396
   0.51544 -0.04560  0.28669
   0.53452 -0.04423  0.26947
   0.55364 -0.04280  0.25260
   0.57279 -0.04132  0.23576
   0.59199 -0.03979  0.21898
   0.61123 -0.03823  0.20246
   0.63052 -0.03663  0.18550
   0.64985 -0.03499  0.16864
   0.66919 -0.03334  0.15086
   0.68854 -0.03165  0.13290
   0.70789 -0.02994  0.11451
   0.72725 -0.02821  0.09607
   0.74664 -0.02645  0.07683
   0.76603 -0.02467  0.05675
   0.78541 -0.02287  0.03553
   0.80477 -0.02106  0.01363
   0.82409 -0.01923 -0.00935
   0.84336 -0.01739 -0.03375
   0.86253 -0.01554 -0.05976
   0.88153 -0.01368 -0.08785
   0.90022 -0.01184 -0.11846
   0.91844 -0.01002 -0.15066
   0.93595 -0.00824 -0.18539
   0.95244 -0.00655 -0.22273
   0.96758 -0.00498 -0.26262
   0.98112 -0.00357 -0.31063
   0.99298 -0.00231 -0.35280
   1.00000 -0.00157 -0.47440
