NACA 2415                                       
 Alfa =  -6.90000 Re =   308760.250 Xflap,Yflap =     0.000000    0.000000
#    x        y        Cp  
   1.00000  0.00157  0.16563
   0.99318  0.00326  0.13707
   0.98173  0.00600  0.08170
   0.96880  0.00906  0.00376
   0.95446  0.01238  0.00284
   0.93889  0.01591  0.00198
   0.92241  0.01956  0.00103
   0.90530  0.02327 -0.00019
   0.88776  0.02697 -0.00186
   0.86990  0.03064 -0.00414
   0.85186  0.03426 -0.00723
   0.83372  0.03780 -0.01135
   0.81551  0.04126 -0.01669
   0.79724  0.04464 -0.02319
   0.77892  0.04793 -0.03074
   0.76059  0.05113 -0.03962
   0.74224  0.05423 -0.04953
   0.72388  0.05724 -0.05987
   0.70551  0.06016 -0.07013
   0.68713  0.06297 -0.08004
   0.66875  0.06569 -0.08928
   0.65038  0.06831 -0.09794
   0.63203  0.07083 -0.10587
   0.61369  0.07324 -0.11316
   0.59536  0.07554 -0.11979
   0.57704  0.07773 -0.12584
   0.55874  0.07980 -0.13138
   0.54048  0.08177 -0.13653
   0.52226  0.08361 -0.14115
   0.50409  0.08532 -0.14514
   0.48596  0.08690 -0.14867
   0.46787  0.08835 -0.15166
   0.44982  0.08966 -0.15457
   0.43188  0.09084 -0.15751
   0.41408  0.09185 -0.16008
   0.39645  0.09270 -0.16139
   0.37898  0.09336 -0.16089
   0.36163  0.09382 -0.15866
   0.34440  0.09409 -0.15437
   0.32729  0.09415 -0.14807
   0.31030  0.09400 -0.13950
   0.29344  0.09362 -0.12888
   0.27672  0.09303 -0.11585
   0.26016  0.09221 -0.10044
   0.24379  0.09116 -0.08282
   0.22763  0.08988 -0.06251
   0.21174  0.08836 -0.03937
   0.19615  0.08660 -0.01271
   0.18090  0.08460  0.01718
   0.16606  0.08238  0.05059
   0.15171  0.07995  0.08693
   0.13796  0.07734  0.12697
   0.12489  0.07456  0.17064
   0.11257  0.07165  0.21746
   0.10108  0.06865  0.26750
   0.09046  0.06560  0.31960
   0.08074  0.06256  0.37284
   0.07191  0.05954  0.42767
   0.06392  0.05658  0.48347
   0.05672  0.05368  0.53928
   0.05024  0.05086  0.59512
   0.04440  0.04812  0.65058
   0.03913  0.04546  0.70481
   0.03438  0.04287  0.75666
   0.03008  0.04035  0.80671
   0.02620  0.03789  0.85414
   0.02268  0.03549  0.89760
   0.01949  0.03313  0.93513
   0.01660  0.03082  0.96651
   0.01398  0.02853  0.98866
   0.01163  0.02626  0.99949
   0.00950  0.02401  0.99543
   0.00760  0.02178  0.97260
   0.00592  0.01956  0.92643
   0.00445  0.01734  0.85094
   0.00319  0.01514  0.74194
   0.00215  0.01295  0.59743
   0.00131  0.01077  0.41434
   0.00067  0.00859  0.19955
   0.00023  0.00644 -0.05094
  -0.00003  0.00431 -0.33343
  -0.00011  0.00221 -0.64266
  -0.00001  0.00013 -0.96780
   0.00028 -0.00195 -1.27586
   0.00077 -0.00403 -1.56533
   0.00145 -0.00612 -1.83698
   0.00233 -0.00822 -2.08742
   0.00343 -0.01032 -2.31417
   0.00476 -0.01241 -2.48976
   0.00631 -0.01448 -2.60403
   0.00810 -0.01651 -2.66247
   0.01013 -0.01851 -2.67435
   0.01238 -0.02046 -2.65588
   0.01485 -0.02238 -2.62107
   0.01757 -0.02427 -2.57427
   0.02054 -0.02613 -2.51294
   0.02380 -0.02797 -2.43805
   0.02739 -0.02980 -2.35591
   0.03132 -0.03162 -2.27334
   0.03564 -0.03344 -2.19024
   0.04040 -0.03525 -2.10898
   0.04564 -0.03706 -2.03295
   0.05143 -0.03886 -1.96471
   0.05784 -0.04067 -1.90405
   0.06495 -0.04246 -1.85187
   0.07287 -0.04424 -1.80759
   0.08166 -0.04599 -1.76904
   0.09140 -0.04769 -1.73362
   0.10214 -0.04932 -1.69803
   0.11390 -0.05084 -1.54276
   0.12665 -0.05224 -1.23741
   0.14035 -0.05348 -1.12706
   0.15491 -0.05455 -1.07188
   0.17020 -0.05543 -1.02091
   0.18612 -0.05611 -0.96933
   0.20258 -0.05661 -0.91747
   0.21948 -0.05692 -0.86729
   0.23676 -0.05705 -0.81885
   0.25434 -0.05702 -0.77258
   0.27219 -0.05684 -0.72877
   0.29027 -0.05652 -0.68718
   0.30856 -0.05607 -0.64791
   0.32702 -0.05552 -0.61122
   0.34565 -0.05486 -0.57693
   0.36440 -0.05413 -0.54584
   0.38322 -0.05331 -0.51716
   0.40208 -0.05243 -0.49068
   0.42093 -0.05149 -0.46614
   0.43976 -0.05047 -0.44251
   0.45859 -0.04936 -0.41858
   0.47746 -0.04818 -0.39443
   0.49642 -0.04692 -0.37066
   0.51544 -0.04560 -0.34769
   0.53452 -0.04423 -0.32536
   0.55364 -0.04280 -0.30362
   0.57279 -0.04132 -0.28241
   0.59199 -0.03979 -0.26165
   0.61123 -0.03823 -0.24129
   0.63052 -0.03663 -0.22139
   0.64985 -0.03499 -0.20200
   0.66919 -0.03334 -0.18316
   0.68854 -0.03165 -0.16466
   0.70789 -0.02994 -0.14630
   0.72725 -0.02821 -0.12790
   0.74664 -0.02645 -0.10946
   0.76603 -0.02467 -0.09123
   0.78541 -0.02287 -0.07303
   0.80477 -0.02106 -0.05450
   0.82409 -0.01923 -0.03569
   0.84336 -0.01739 -0.01654
   0.86253 -0.01554  0.00301
   0.88153 -0.01368  0.02284
   0.90022 -0.01184  0.04313
   0.91844 -0.01002  0.06388
   0.93595 -0.00824  0.08468
   0.95244 -0.00655  0.10504
   0.96758 -0.00498  0.12437
   0.98112 -0.00357  0.14183
   0.99298 -0.00231  0.15784
   1.00000 -0.00157  0.16563
