NACA 2415                                       
 Alfa =  -4.91667 Re =    53825.703 Xflap,Yflap =     0.000000    0.000000
#    x        y        Cp  
   1.00000  0.00157  0.02462
   0.99318  0.00326  0.02452
   0.98173  0.00600  0.02437
   0.96880  0.00906  0.02420
   0.95446  0.01238  0.02394
   0.93889  0.01591  0.02360
   0.92241  0.01956  0.02312
   0.90530  0.02327  0.02248
   0.88776  0.02697  0.02162
   0.86990  0.03064  0.02050
   0.85186  0.03426  0.01906
   0.83372  0.03780  0.01723
   0.81551  0.04126  0.01495
   0.79724  0.04464  0.01210
   0.77892  0.04793  0.00860
   0.76059  0.05113  0.00434
   0.74224  0.05423 -0.00080
   0.72388  0.05724 -0.00686
   0.70551  0.06016 -0.01385
   0.68713  0.06297 -0.02163
   0.66875  0.06569 -0.03035
   0.65038  0.06831 -0.04003
   0.63203  0.07083 -0.05050
   0.61369  0.07324 -0.06148
   0.59536  0.07554 -0.07269
   0.57704  0.07773 -0.08387
   0.55874  0.07980 -0.09483
   0.54048  0.08177 -0.10542
   0.52226  0.08361 -0.11554
   0.50409  0.08532 -0.12507
   0.48596  0.08690 -0.13403
   0.46787  0.08835 -0.14241
   0.44982  0.08966 -0.15033
   0.43188  0.09084 -0.15785
   0.41408  0.09185 -0.16464
   0.39645  0.09270 -0.17025
   0.37898  0.09336 -0.17429
   0.36163  0.09382 -0.17665
   0.34440  0.09409 -0.17717
   0.32729  0.09415 -0.17567
   0.31030  0.09400 -0.17215
   0.29344  0.09362 -0.16652
   0.27672  0.09303 -0.15860
   0.26016  0.09221 -0.14842
   0.24379  0.09116 -0.13587
   0.22763  0.08988 -0.12076
   0.21174  0.08836 -0.10274
   0.19615  0.08660 -0.08143
   0.18090  0.08460 -0.05689
   0.16606  0.08238 -0.02895
   0.15171  0.07995  0.00221
   0.13796  0.07734  0.03704
   0.12489  0.07456  0.07576
   0.11257  0.07165  0.11786
   0.10108  0.06865  0.16347
   0.09046  0.06560  0.21130
   0.08074  0.06256  0.26121
   0.07191  0.05954  0.31319
   0.06392  0.05658  0.36668
   0.05672  0.05368  0.42126
   0.05024  0.05086  0.47683
   0.04440  0.04812  0.53319
   0.03913  0.04546  0.58888
   0.03438  0.04287  0.64388
   0.03008  0.04035  0.69851
   0.02620  0.03789  0.75292
   0.02268  0.03549  0.80472
   0.01949  0.03313  0.85331
   0.01660  0.03082  0.89808
   0.01398  0.02853  0.93791
   0.01163  0.02626  0.97004
   0.00950  0.02401  0.99161
   0.00760  0.02178  1.00000
   0.00592  0.01956  0.99085
   0.00445  0.01734  0.95975
   0.00319  0.01514  0.90157
   0.00215  0.01295  0.81402
   0.00131  0.01077  0.69238
   0.00067  0.00859  0.54026
   0.00023  0.00644  0.35563
  -0.00003  0.00431  0.14089
  -0.00011  0.00221 -0.10254
  -0.00001  0.00013 -0.36287
   0.00028 -0.00195 -0.62206
   0.00077 -0.00403 -0.87414
   0.00145 -0.00612 -1.11547
   0.00233 -0.00822 -1.34365
   0.00343 -0.01032 -1.55225
   0.00476 -0.01241 -1.72595
   0.00631 -0.01448 -1.85351
   0.00810 -0.01651 -1.93630
   0.01013 -0.01851 -1.98120
   0.01238 -0.02046 -1.99612
   0.01485 -0.02238 -1.99351
   0.01757 -0.02427 -1.97670
   0.02054 -0.02613 -1.94620
   0.02380 -0.02797 -1.90364
   0.02739 -0.02980 -1.85201
   0.03132 -0.03162 -1.79626
   0.03564 -0.03344 -1.73666
   0.04040 -0.03525 -1.67391
   0.04564 -0.03706 -1.60927
   0.05143 -0.03886 -1.54495
   0.05784 -0.04067 -1.48215
   0.06495 -0.04246 -1.42226
   0.07287 -0.04424 -1.36683
   0.08166 -0.04599 -1.31645
   0.09140 -0.04769 -1.27196
   0.10214 -0.04932 -1.23419
   0.11390 -0.05084 -1.20283
   0.12665 -0.05224 -1.17703
   0.14035 -0.05348 -1.15577
   0.15491 -0.05455 -1.13806
   0.17020 -0.05543 -1.12310
   0.18612 -0.05611 -1.11016
   0.20258 -0.05661 -1.09866
   0.21948 -0.05692 -1.08813
   0.23676 -0.05705 -1.07817
   0.25434 -0.05702 -1.06844
   0.27219 -0.05684 -1.05853
   0.29027 -0.05652 -1.04799
   0.30856 -0.05607 -0.93914
   0.32702 -0.05552 -0.78209
   0.34565 -0.05486 -0.64260
   0.36440 -0.05413 -0.54701
   0.38322 -0.05331 -0.48325
   0.40208 -0.05243 -0.44061
   0.42093 -0.05149 -0.41132
   0.43976 -0.05047 -0.38969
   0.45859 -0.04936 -0.37181
   0.47746 -0.04818 -0.35557
   0.49642 -0.04692 -0.33996
   0.51544 -0.04560 -0.32489
   0.53452 -0.04423 -0.31021
   0.55364 -0.04280 -0.29582
   0.57279 -0.04132 -0.28105
   0.59199 -0.03979 -0.26643
   0.61123 -0.03823 -0.25196
   0.63052 -0.03663 -0.23772
   0.64985 -0.03499 -0.22377
   0.66919 -0.03334 -0.21019
   0.68854 -0.03165 -0.19683
   0.70789 -0.02994 -0.18358
   0.72725 -0.02821 -0.17031
   0.74664 -0.02645 -0.15711
   0.76603 -0.02467 -0.14415
   0.78541 -0.02287 -0.13133
   0.80477 -0.02106 -0.11842
   0.82409 -0.01923 -0.10544
   0.84336 -0.01739 -0.09243
   0.86253 -0.01554 -0.07934
   0.88153 -0.01368 -0.06627
   0.90022 -0.01184 -0.05310
   0.91844 -0.01002 -0.03969
   0.93595 -0.00824 -0.02631
   0.95244 -0.00655 -0.01320
   0.96758 -0.00498 -0.00067
   0.98112 -0.00357  0.01063
   0.99298 -0.00231  0.02156
   1.00000 -0.00157  0.02462
