NACA 2415                                       
 Alfa =  -7.20000 Re =   710148.563 Xflap,Yflap =     0.000000    0.000000
#    x        y        Cp  
   1.00000  0.00157  0.23304
   0.99318  0.00326  0.20968
   0.98173  0.00600  0.16689
   0.96880  0.00906  0.10382
   0.95446  0.01238  0.00930
   0.93889  0.01591 -0.01077
   0.92241  0.01956 -0.01466
   0.90530  0.02327 -0.01889
   0.88776  0.02697 -0.02377
   0.86990  0.03064 -0.02948
   0.85186  0.03426 -0.03594
   0.83372  0.03780 -0.04346
   0.81551  0.04126 -0.05205
   0.79724  0.04464 -0.06130
   0.77892  0.04793 -0.07080
   0.76059  0.05113 -0.08022
   0.74224  0.05423 -0.08920
   0.72388  0.05724 -0.09762
   0.70551  0.06016 -0.10549
   0.68713  0.06297 -0.11297
   0.66875  0.06569 -0.11983
   0.65038  0.06831 -0.12633
   0.63203  0.07083 -0.13228
   0.61369  0.07324 -0.13777
   0.59536  0.07554 -0.14278
   0.57704  0.07773 -0.14738
   0.55874  0.07980 -0.15161
   0.54048  0.08177 -0.15559
   0.52226  0.08361 -0.15916
   0.50409  0.08532 -0.16213
   0.48596  0.08690 -0.16469
   0.46787  0.08835 -0.16669
   0.44982  0.08966 -0.16879
   0.43188  0.09084 -0.17111
   0.41408  0.09185 -0.17319
   0.39645  0.09270 -0.17401
   0.37898  0.09336 -0.17302
   0.36163  0.09382 -0.17017
   0.34440  0.09409 -0.16535
   0.32729  0.09415 -0.15835
   0.31030  0.09400 -0.14921
   0.29344  0.09362 -0.13796
   0.27672  0.09303 -0.12430
   0.26016  0.09221 -0.10827
   0.24379  0.09116 -0.09001
   0.22763  0.08988 -0.06917
   0.21174  0.08836 -0.04540
   0.19615  0.08660 -0.01820
   0.18090  0.08460  0.01231
   0.16606  0.08238  0.04626
   0.15171  0.07995  0.08328
   0.13796  0.07734  0.12361
   0.12489  0.07456  0.16802
   0.11257  0.07165  0.21521
   0.10108  0.06865  0.26594
   0.09046  0.06560  0.31841
   0.08074  0.06256  0.37201
   0.07191  0.05954  0.42731
   0.06392  0.05658  0.48328
   0.05672  0.05368  0.53968
   0.05024  0.05086  0.59547
   0.04440  0.04812  0.65142
   0.03913  0.04546  0.70571
   0.03438  0.04287  0.75794
   0.03008  0.04035  0.80757
   0.02620  0.03789  0.85545
   0.02268  0.03549  0.89869
   0.01949  0.03313  0.93628
   0.01660  0.03082  0.96743
   0.01398  0.02853  0.98918
   0.01163  0.02626  0.99964
   0.00950  0.02401  0.99500
   0.00760  0.02178  0.97123
   0.00592  0.01956  0.92403
   0.00445  0.01734  0.84701
   0.00319  0.01514  0.73687
   0.00215  0.01295  0.58904
   0.00131  0.01077  0.40448
   0.00067  0.00859  0.18606
   0.00023  0.00644 -0.06645
  -0.00003  0.00431 -0.35130
  -0.00011  0.00221 -0.66632
  -0.00001  0.00013 -0.99300
   0.00028 -0.00195 -1.30682
   0.00077 -0.00403 -1.59641
   0.00145 -0.00612 -1.87042
   0.00233 -0.00822 -2.12468
   0.00343 -0.01032 -2.35606
   0.00476 -0.01241 -2.53109
   0.00631 -0.01448 -2.64425
   0.00810 -0.01651 -2.70335
   0.01013 -0.01851 -2.71321
   0.01238 -0.02046 -2.69288
   0.01485 -0.02238 -2.65848
   0.01757 -0.02427 -2.61313
   0.02054 -0.02613 -2.55133
   0.02380 -0.02797 -2.47538
   0.02739 -0.02980 -2.39264
   0.03132 -0.03162 -2.31014
   0.03564 -0.03344 -2.22751
   0.04040 -0.03525 -2.14581
   0.04564 -0.03706 -2.06854
   0.05143 -0.03886 -1.99854
   0.05784 -0.04067 -1.93531
   0.06495 -0.04246 -1.87844
   0.07287 -0.04424 -1.82640
   0.08166 -0.04599 -1.77505
   0.09140 -0.04769 -1.54564
   0.10214 -0.04932 -1.37685
   0.11390 -0.05084 -1.30382
   0.12665 -0.05224 -1.23984
   0.14035 -0.05348 -1.17515
   0.15491 -0.05455 -1.11099
   0.17020 -0.05543 -1.04679
   0.18612 -0.05611 -0.98555
   0.20258 -0.05661 -0.92705
   0.21948 -0.05692 -0.87183
   0.23676 -0.05705 -0.81998
   0.25434 -0.05702 -0.77087
   0.27219 -0.05684 -0.72490
   0.29027 -0.05652 -0.68156
   0.30856 -0.05607 -0.64070
   0.32702 -0.05552 -0.60273
   0.34565 -0.05486 -0.56725
   0.36440 -0.05413 -0.53530
   0.38322 -0.05331 -0.50578
   0.40208 -0.05243 -0.47859
   0.42093 -0.05149 -0.45358
   0.43976 -0.05047 -0.42941
   0.45859 -0.04936 -0.40493
   0.47746 -0.04818 -0.38011
   0.49642 -0.04692 -0.35568
   0.51544 -0.04560 -0.33209
   0.53452 -0.04423 -0.30917
   0.55364 -0.04280 -0.28683
   0.57279 -0.04132 -0.26498
   0.59199 -0.03979 -0.24361
   0.61123 -0.03823 -0.22255
   0.63052 -0.03663 -0.20194
   0.64985 -0.03499 -0.18184
   0.66919 -0.03334 -0.16228
   0.68854 -0.03165 -0.14301
   0.70789 -0.02994 -0.12381
   0.72725 -0.02821 -0.10440
   0.74664 -0.02645 -0.08490
   0.76603 -0.02467 -0.06549
   0.78541 -0.02287 -0.04600
   0.80477 -0.02106 -0.02595
   0.82409 -0.01923 -0.00537
   0.84336 -0.01739  0.01582
   0.86253 -0.01554  0.03776
   0.88153 -0.01368  0.06036
   0.90022 -0.01184  0.08388
   0.91844 -0.01002  0.10838
   0.93595 -0.00824  0.13336
   0.95244 -0.00655  0.15813
   0.96758 -0.00498  0.18183
   0.98112 -0.00357  0.20340
   0.99298 -0.00231  0.22303
   1.00000 -0.00157  0.23304
